0 2889.0227882037534 0.0
1 2889.0256064690025 0.0
2 2889.030013642565 0.0
3 2889.030095759234 0.0
4 2890.0132625994693 0.0
5 2890.0174029451136 0.0
6 2897.0092838196288 0.0
7 2897.014705882353 0.0
8 2897.014705882353 0.0
9 2890.0146276595747 0.0
10 2889.0174262734586 0.0
11 2888.0093209054594 0.0
12 2888.0092961487385 0.0
13 2888.006605019815 0.0
14 2888.003963011889 0.0
15 2889.014705882353 0.0
16 2889.0202702702704 0.0
17 2889.0174731182797 0.0
18 2894.0388349514565 0.0
19 2894.027027027027 0.0
20 2893.0228187919465 0.0
21 2892.0175913396483 0.0
22 2892.0120967741937 0.0
23 2892.013422818792 0.0
24 2892.014804845222 0.0
25 2892.0148448043183 0.0
26 2893.0187919463087 0.0
27 2900.0026246719162 0.0
28 2901.0132978723404 0.0
29 2902.0431154381085 0.0
30 2904.0106666666666 0.0
31 2905.0146276595747 0.0
32 2905.0079365079364 0.0
33 2902.0269905533064 0.0
34 2901.0358126721762 0.0
35 2889.02144772118 0.0
36 2897.0243902439024 0.0
37 2890.010582010582 0.0
38 2897.0299727520437 0.0
39 2898.024128686327 0.0
40 2898.0340136054424 0.0
41 2898.041379310345 0.0
42 2905.010582010582 0.0
43 2905.009247027741 0.0
44 2905.0013106159895 0.0
45 2901.0257452574524 0.0
46 2901.023066485753 0.0
47 2901.018766756032 0.0
48 2901.0146471371504 0.0
49 2902.0132625994693 0.0
50 2910.0065876152835 0.0
51 2911.0052770448547 0.0
52 2911.006596306069 0.0
53 2906.009247027741 0.0
54 2912.0039421813403 0.0
55 2910.014686248331 0.0
56 2909.0271370420623 0.0
57 2909.041899441341 0.0
58 2910.039509536785 0.0
59 2910.039835164835 0.0
60 2910.0272108843537 0.0
61 2912.0026455026455 0.0
62 2910.0433566433567 0.0
63 2912.0026385224273 0.0
64 2912.003973509934 0.0
65 2906.021563342318 0.0
66 2906.011952191235 0.0
67 2909.020215633423 0.0
68 2910.0132802124836 0.0
69 2914.0173564753004 0.0
70 2914.017333333333 0.0
71 2910.0132802124836 0.0
72 2909.018666666667 0.0
73 2908.0120643431637 0.0
74 2908.0079787234044 0.0
75 2908.0026281208934 0.0
76 2906.0460893854747 0.0
77 2906.031420765027 0.0
78 2906.0187919463087 0.0
79 2906.0119363395224 0.0
80 2906.014608233732 0.0
81 2921.022972972973 0.0
82 2922.0173564753004 0.0
83 2922.01871657754 0.0
84 2921.024357239513 0.0
85 2922.017333333333 0.0
86 2922.0228802153433 0.0
87 2922.0187416331996 0.0
88 2923.0013106159895 0.0
89 2923.0013106159895 0.0
90 2921.033103448276 0.0
91 2921.021680216802 0.0
92 2921.0079470198675 0.0
93 2919.0013106159895 0.0
94 2917.031767955801 0.0
95 2917.0147849462364 0.0
96 2914.0186915887853 0.0
97 2913.020134228188 0.0
98 2913.0229110512128 0.0
99 2913.0255720053838 0.0
100 2913.031420765027 0.0
101 2923.0119205298015 0.0
102 2923.0132625994693 0.0
103 2924.003968253968 0.0
104 2925.0201072386058 0.0
105 2936.010624169987 0.0
106 2939.0013106159895 0.0
107 2939.0013106159895 0.0
108 2938.0013106159895 0.0
109 2930.0173564753004 0.0
110 2930.029810298103 0.0
111 2930.026917900404 0.0
112 2929.03698630137 0.0
113 2929.042876901798 0.0
114 2930.0269541778976 0.0
115 2930.0285714285715 0.0
116 2932.005305039788 0.0
117 2933.0132625994693 0.0
118 2930.0243243243244 0.0
119 2930.0173796791446 0.0
120 2930.007926023778 0.0
121 2928.011984021305 0.0
122 2928.009271523179 0.0
123 2927.0173796791446 0.0
124 2927.018766756032 0.0
125 2927.010582010582 0.0
126 2927.0065876152835 0.0
127 2942.014608233732 0.0
128 2942.0186915887853 0.0
129 2942.0159574468084 0.0
130 2941.011952191235 0.0
131 2938.0119205298015 0.0
132 2934.0146471371504 0.0
133 2933.031506849315 0.0
134 2933.0387275242047 0.0
135 2933.0371389270977 0.0
136 2933.0285326086955 0.0
137 2933.0343406593406 0.0
138 2933.038781163435 0.0
139 2934.0186915887853 0.0
140 2933.027100271003 0.0
141 2933.0229110512128 0.0
142 2933.0243902439024 0.0
143 2933.024423337856 0.0
144 2933.021592442645 0.0
145 2933.0106100795756 0.0
146 2932.0133155792278 0.0
147 2947.0079470198675 0.0
148 2941.0160427807486 0.0
149 2942.0227882037534 0.0
150 2948.0013106159895 0.0
151 2948.001314060447 0.0
152 2946.035714285714 0.0
153 2949.0106666666666 0.0
154 2950.014608233732 0.0
155 2950.0173564753004 0.0
156 2950.0146276595747 0.0
157 2942.0228187919465 0.0
158 2941.021680216802 0.0
159 2941.0173564753004 0.0
160 2953.0134048257373 0.0
161 2953.006596306069 0.0
162 2951.0338294993235 0.0
163 2950.0412087912086 0.0
164 2946.0369357045142 0.0
165 2945.0272479564032 0.0
166 2945.0231292517005 0.0
167 2945.0286103542235 0.0
168 2945.040110650069 0.0
169 2946.0371389270977 0.0
170 2950.0398899587344 0.0
171 2952.0026315789473 0.0
172 2952.0066225165565 0.0
173 2952.0066225165565 0.0
174 2950.0358620689653 0.0
175 2952.003963011889 0.0
176 2952.010652463382 0.0
177 2945.0026350461135 0.0
178 2942.032967032967 0.0
179 2942.020215633423 0.0
180 2943.0079155672825 0.0
181 2950.0187919463087 0.0
182 2954.024357239513 0.0
183 2958.0132802124836 0.0
184 2957.0257452574524 0.0
185 2957.032831737346 0.0
186 2957.031420765027 0.0
187 2957.021505376344 0.0
188 2957.0146471371504 0.0
189 2954.014608233732 0.0
190 2953.02868852459 0.0
191 2953.0243902439024 0.0
192 2953.016 0.0
193 2952.010680907877 0.0
194 2952.0093209054594 0.0
195 2957.016064257028 0.0
196 2958.0159574468084 0.0
197 2961.0134048257373 0.0
198 2961.0147255689426 0.0
199 2961.0160213618155 0.0
200 2960.005298013245 0.0
201 2960.0013157894737 0.0
202 2958.0174029451136 0.0
203 2958.021534320323 0.0
204 2958.020215633423 0.0
205 2958.0257801899593 0.0
206 2958.027100271003 0.0
207 2958.021505376344 0.0
208 2958.0160427807486 0.0
209 2958.009247027741 0.0
210 2957.0092961487385 0.0
211 2958.009259259259 0.0
212 2960.0052700922265 0.0
213 2961.0132978723404 0.0
214 2962.0132625994693 0.0
215 2971.0079155672825 0.0
216 2969.0160213618155 0.0
217 2969.0119205298015 0.0
218 2969.0065876152835 0.0
219 2968.0026350461135 0.0
220 2966.0272108843537 0.0
221 2966.0227882037534 0.0
222 2965.0433566433567 0.0
223 2965.041782729805 0.0
224 2965.034387895461 0.0
225 2965.031420765027 0.0
226 2965.030054644809 0.0
227 2965.0258152173915 0.0
228 2965.0188172043013 0.0
229 2978.007926023778 0.0
230 2979.0052631578947 0.0
231 2979.0065876152835 0.0
232 2978.0079155672825 0.0
233 2977.014705882353 0.0
234 2977.0133511348463 0.0
235 2977.0079575596815 0.0
236 2970.0146471371504 0.0
237 2973.0134048257373 0.0
238 2979.0200267022697 0.0
239 2981.0092961487385 0.0
240 2981.0092961487385 0.0
241 2981.0134048257373 0.0
242 2978.031335149864 0.0
243 2981.0133155792278 0.0
244 2981.009247027741 0.0
245 2980.0079787234044 0.0
246 2980.001321003963 0.0
247 2978.0132625994693 0.0
248 2978.009247027741 0.0
249 2977.024291497976 0.0
250 2977.021505376344 0.0
251 2977.016 0.0
252 2977.014608233732 0.0
253 2977.01059602649 0.0
254 2977.0106100795756 0.0
255 2981.0174966352624 0.0
256 2981.0286493860845 0.0
257 2982.033875338753 0.0
258 2982.041095890411 0.0
259 2982.0411522633744 0.0
260 2981.038942976356 0.0
261 2981.038997214485 0.0
262 2982.0352781546812 0.0
263 2982.0324324324324 0.0
264 2981.0272108843537 0.0
265 2980.020215633423 0.0
266 2980.0146666666665 0.0
267 2979.009247027741 0.0
268 2978.016 0.0
269 2977.01059602649 0.0
270 2975.0258152173915 0.0
271 2976.0146471371504 0.0
272 2986.042817679558 0.0
273 2986.039726027397 0.0
274 2986.04401650619 0.0
275 2986.0338294993235 0.0
276 2985.0401662049862 0.0
277 2985.027027027027 0.0
278 2985.0229419703105 0.0
279 2985.020134228188 0.0
280 2985.017310252996 0.0
281 2985.020134228188 0.0
282 2997.0106100795756 0.0
283 2997.0092838196288 0.0
284 2996.006605019815 0.0
285 2989.038888888889 0.0
286 2989.0272479564032 0.0
287 2989.0230352303524 0.0
288 2989.0174029451136 0.0
289 2989.023066485753 0.0
290 2994.027027027027 0.0
291 2994.0298507462685 0.0
292 2994.020080321285 0.0
293 2994.0271370420623 0.0
294 2994.0372928176794 0.0
295 2997.0160213618155 0.0
296 2997.018666666667 0.0
297 2998.0228494623657 0.0
298 3001.00796812749 0.0
299 3001.011984021305 0.0
300 3000.0026246719162 0.0
301 3000.005298013245 0.0
302 3001.0066225165565 0.0
303 3006.0146471371504 0.0
304 3001.016 0.0
305 3005.0147255689426 0.0
306 3005.018970189702 0.0
307 3006.024258760108 0.0
308 3006.014608233732 0.0
309 3009.00796812749 0.0
310 3009.0092961487385 0.0
311 3009.0079365079364 0.0
312 3008.005298013245 0.0
313 3006.011984021305 0.0
314 3006.0079155672825 0.0
315 3004.001314060447 0.0
316 3003.0119205298015 0.0
317 3004.0052631578947 0.0
318 3004.0066137566137 0.0
319 3005.020053475936 0.0
320 3005.0271370420623 0.0
321 3006.0324763193503 0.0
322 3006.038567493113 0.0
323 3009.024523160763 0.0
324 3009.0272479564032 0.0
325 3009.030054644809 0.0
326 3009.024456521739 0.0
327 3009.020134228188 0.0
328 3008.03021978022 0.0
329 3008.031506849315 0.0
330 3008.024423337856 0.0
331 3008.012016021362 0.0
332 3008.00395256917 0.0
333 3005.0146471371504 0.0
334 3005.0160427807486 0.0
335 3005.0160427807486 0.0
336 3009.017333333333 0.0
337 3017.0052700922265 0.0
338 3017.006596306069 0.0
339 3017.006596306069 0.0
340 3017.0039421813403 0.0
341 3013.0326975476837 0.0
342 3005.009271523179 0.0
343 3005.0013106159895 0.0
344 3003.017333333333 0.0
345 3013.0160427807486 0.0
346 3014.0146276595747 0.0
347 3017.007926023778 0.0
348 3016.0052770448547 0.0
349 3016.0066137566137 0.0
350 3016.005291005291 0.0
351 3017.0160427807486 0.0
352 3017.020134228188 0.0
353 3018.0227882037534 0.0
354 3018.0327421555253 0.0
355 3018.0256756756758 0.0
356 3017.0146471371504 0.0
357 3015.016 0.0
358 3014.0429362880886 0.0
359 3014.041265474553 0.0
360 3014.033921302578 0.0
361 3013.044630404463 0.0
362 3013.034435261708 0.0
363 3029.011968085106 0.0
364 3029.014705882353 0.0
365 3029.014745308311 0.0
366 3029.0120320855617 0.0
367 3029.006605019815 0.0
368 3025.02024291498 0.0
369 3024.0052700922265 0.0
370 3021.011968085106 0.0
371 3020.0066137566137 0.0
372 3019.009271523179 0.0
373 3019.0065876152835 0.0
374 3017.0092961487385 0.0
375 3020.00395256917 0.0
376 3024.005291005291 0.0
377 3030.0258152173915 0.0
378 3032.01059602649 0.0
379 3033.0119363395224 0.0
380 3032.016129032258 0.0
381 3033.0160427807486 0.0
382 3033.0106382978724 0.0
383 3033.00796812749 0.0
384 3029.014765100671 0.0
385 3029.014705882353 0.0
386 3028.014705882353 0.0
387 3028.0160857908845 0.0
388 3029.0106100795756 0.0
389 3037.012 0.0
390 3037.0146666666665 0.0
391 3037.0119363395224 0.0
392 3036.003957783641 0.0
393 3033.010652463382 0.0
394 3030.0272108843537 0.0
395 3030.0243243243244 0.0
396 3030.018766756032 0.0
397 3033.009308510638 0.0
398 3037.014745308311 0.0
399 3037.021592442645 0.0
400 3036.0079787234044 0.0
401 3036.005284015852 0.0
402 3036.003963011889 0.0
403 3037.0052631578947 0.0
404 3034.0256756756758 0.0
405 3034.01871657754 0.0
406 3034.016 0.0
407 3033.0106951871658 0.0
408 3033.013368983957 0.0
409 3034.0119363395224 0.0
410 3034.0201072386058 0.0
411 3034.02144772118 0.0
412 3034.017310252996 0.0
413 3033.0230352303524 0.0
414 3034.0119363395224 0.0
415 3034.010582010582 0.0
416 3033.0243902439024 0.0
417 3049.003947368421 0.0
418 3046.0201072386058 0.0
419 3045.0188425302827 0.0
420 3045.0132625994693 0.0
421 3044.006605019815 0.0
422 3042.0079155672825 0.0
423 3041.01610738255 0.0
424 3041.0174262734586 0.0
425 3041.0173796791446 0.0
426 3041.021505376344 0.0
427 3041.0146471371504 0.0
428 3040.00395256917 0.0
429 3037.0301369863014 0.0
430 3037.025850340136 0.0
431 3037.025885558583 0.0
432 3038.0200267022697 0.0
433 3041.00796812749 0.0
434 3053.005284015852 0.0
435 3053.0134048257373 0.0
436 3053.0188933873146 0.0
437 3054.017310252996 0.0
438 3054.015978695073 0.0
439 3053.020215633423 0.0
440 3053.0146276595747 0.0
441 3052.0133868808566 0.0
442 3052.005284015852 0.0
443 3053.011952191235 0.0
444 3052.02170963365 0.0
445 3053.03146374829 0.0
446 3054.033875338753 0.0
447 3057.0093209054594 0.0
448 3057.0174496644295 0.0
449 3057.025956284153 0.0
450 3058.02144772118 0.0
451 3058.0214190093707 0.0
452 3057.0174731182797 0.0
453 3057.017333333333 0.0
454 3050.0284938941654 0.0
455 3057.0132978723404 0.0
456 3056.005284015852 0.0
457 3056.0079893475367 0.0
458 3057.016129032258 0.0
459 3058.024128686327 0.0
460 3057.03021978022 0.0
461 3058.0255033557046 0.0
462 3058.0383036935705 0.0
463 3058.0339673913045 0.0
464 3057.030095759234 0.0
465 3056.0161725067387 0.0
466 3056.0079893475367 0.0
467 3056.0026385224273 0.0
468 3056.001314060447 0.0
469 3057.01059602649 0.0
470 3057.02024291498 0.0
471 3069.0174731182797 0.0
472 3069.014705882353 0.0
473 3069.0174496644295 0.0
474 3069.014745308311 0.0
475 3069.0147849462364 0.0
476 3069.020215633423 0.0
477 3069.0187919463087 0.0
478 3069.0133333333333 0.0
479 3066.017333333333 0.0
480 3065.014686248331 0.0
481 3064.0133333333333 0.0
482 3064.0092838196288 0.0
483 3064.005284015852 0.0
484 3065.0052631578947 0.0
485 3071.0013106159895 0.0
486 3063.0079365079364 0.0
487 3062.0133155792278 0.0
488 3062.0119363395224 0.0
489 3061.0173796791446 0.0
490 3061.0146276595747 0.0
491 3061.0146276595747 0.0
492 3061.0173796791446 0.0
493 3072.0092838196288 0.0
494 3070.0065876152835 0.0
495 3071.0039421813403 0.0
496 3073.0160857908845 0.0
497 3083.0106100795756 0.0
498 3084.0052631578947 0.0
499 3082.0132978723404 0.0
500 3081.006605019815 0.0
501 3076.003947368421 0.0
502 3073.007926023778 0.0
503 3071.0052700922265 0.0
504 3072.0079365079364 0.0
505 3072.0079365079364 0.0
506 3070.0188425302827 0.0
507 3070.0257801899593 0.0
508 3072.0052700922265 0.0
509 3073.018766756032 0.0
510 3074.0283783783784 0.0
511 3069.014686248331 0.0
512 3069.01059602649 0.0
513 3081.0388349514565 0.0
514 3081.0511363636365 0.0
515 3082.039455782313 0.0
516 3081.046218487395 0.0
517 3081.0477528089887 0.0
518 3082.039726027397 0.0
519 3088.011952191235 0.0
520 3088.0026246719162 0.0
521 3085.02868852459 0.0
522 3086.0269541778976 0.0
523 3086.0228187919465 0.0
524 3085.0093457943926 0.0
525 3081.010582010582 0.0
526 3080.0119363395224 0.0
527 3081.007926023778 0.0
528 3081.02170963365 0.0
529 3082.0341530054643 0.0
530 3089.0079365079364 0.0
531 3089.0026246719162 0.0
532 3086.0256756756758 0.0
533 3085.024556616644 0.0
534 3085.031767955801 0.0
535 3085.026063100137 0.0
536 3085.014765100671 0.0
537 3083.009247027741 0.0
538 3082.0227882037534 0.0
539 3081.0216216216218 0.0
540 3081.014745308311 0.0
541 3081.0052770448547 0.0
542 3079.0187416331996 0.0
543 3079.016 0.0
544 3078.0271739130435 0.0
545 3089.0256064690025 0.0
546 3089.025641025641 0.0
547 3089.021505376344 0.0
548 3088.025885558583 0.0
549 3089.01610738255 0.0
550 3094.0284938941654 0.0
551 3094.0341064120053 0.0
552 3093.035961272476 0.0
553 3093.029891304348 0.0
554 3093.0271370420623 0.0
555 3093.024357239513 0.0
556 3093.0186915887853 0.0
557 3093.0187416331996 0.0
558 3093.0244897959183 0.0
559 3093.028925619835 0.0
560 3093.021650879567 0.0
561 3093.014705882353 0.0
562 3093.011968085106 0.0
563 3093.0052700922265 0.0
564 3090.020080321285 0.0
565 3090.0146276595747 0.0
566 3089.0230352303524 0.0
567 3089.0202702702704 0.0
568 3090.017310252996 0.0
569 3104.001314060447 0.0
570 3101.020215633423 0.0
571 3101.0160857908845 0.0
572 3101.014686248331 0.0
573 3103.0013106159895 0.0
574 3100.0133511348463 0.0
575 3100.0174262734586 0.0
576 3100.0230040595397 0.0
577 3101.0229419703105 0.0
578 3109.024523160763 0.0
579 3109.0133511348463 0.0
580 3108.0134048257373 0.0
581 3108.012 0.0
582 3108.0066225165565 0.0
583 3105.0079365079364 0.0
584 3104.0052770448547 0.0
585 3102.016064257028 0.0
586 3102.0106100795756 0.0
587 3102.009247027741 0.0
588 3102.010582010582 0.0
589 3113.005284015852 0.0
590 3113.014745308311 0.0
591 3113.0188679245284 0.0
592 3113.016 0.0
593 3113.0146666666665 0.0
594 3101.001312335958 0.0
595 3101.0026281208934 0.0
596 3099.0133511348463 0.0
597 3100.011968085106 0.0
598 3106.0146471371504 0.0
599 3106.016 0.0
600 3108.0026281208934 0.0
601 3109.007926023778 0.0
602 3109.0133868808566 0.0
603 3110.0146666666665 0.0
604 3110.007926023778 0.0
605 3103.006596306069 0.0
606 3108.0106382978724 0.0
607 3108.0133511348463 0.0
608 3113.0161725067387 0.0
609 3113.014745308311 0.0
610 3118.03125 0.0
611 3118.037037037037 0.0
612 3117.0231607629426 0.0
613 3102.0133155792278 0.0
614 3102.0174029451136 0.0
615 3102.0229419703105 0.0
616 3103.0132625994693 0.0
617 3103.0106100795756 0.0
618 3103.003947368421 0.0
619 3100.0133511348463 0.0
620 3099.003957783641 0.0
621 3096.0039421813403 0.0
622 3095.007926023778 0.0
623 3095.0079365079364 0.0
624 3096.0052700922265 0.0
625 3122.016 0.0
626 3121.018944519621 0.0
627 3121.014765100671 0.0
628 3114.0173564753004 0.0
629 3113.012 0.0
630 3112.0065876152835 0.0
631 3111.018766756032 0.0
632 3111.0187416331996 0.0
633 3112.0119205298015 0.0
634 3112.0229419703105 0.0
635 3113.01871657754 0.0
636 3121.0244897959183 0.0
637 3122.0132625994693 0.0
638 3125.018944519621 0.0
639 3126.020053475936 0.0
640 3125.00796812749 0.0
641 3115.009271523179 0.0
642 3114.0173796791446 0.0
643 3114.0228802153433 0.0
644 3120.0079787234044 0.0
645 3121.020215633423 0.0
646 3133.014705882353 0.0
647 3125.010624169987 0.0
648 3125.0026246719162 0.0
649 3122.014608233732 0.0
650 3121.0174731182797 0.0
651 3121.0133155792278 0.0
652 3121.0146666666665 0.0
653 3121.016064257028 0.0
654 3125.005298013245 0.0
655 3129.0134048257373 0.0
656 3129.0133333333333 0.0
657 3129.0132625994693 0.0
658 3129.0119363395224 0.0
659 3129.0052631578947 0.0
660 3117.0079365079364 0.0
661 3117.0039421813403 0.0
662 3116.015978695073 0.0
663 3117.0039421813403 0.0
664 3116.016 0.0
665 3116.016 0.0
666 3115.0174496644295 0.0
667 3115.0160427807486 0.0
668 3115.011984021305 0.0
669 3133.0341064120053 0.0
670 3116.0079365079364 0.0
671 3117.0052700922265 0.0
672 3127.016 0.0
673 3126.0258152173915 0.0
674 3126.0229110512128 0.0
675 3126.01871657754 0.0
676 3126.0146276595747 0.0
677 3109.0013106159895 0.0
678 3107.006605019815 0.0
679 3105.0132978723404 0.0
680 3104.022972972973 0.0
681 3105.0132802124836 0.0
682 3105.010582010582 0.0
683 3105.010582010582 0.0
684 3105.010624169987 0.0
685 3106.0119363395224 0.0
686 3106.010624169987 0.0
687 3107.0065876152835 0.0
688 3107.009271523179 0.0
689 3107.009271523179 0.0
690 3099.017310252996 0.0
691 3099.020080321285 0.0
692 3099.0256756756758 0.0
693 3103.0013106159895 0.0
694 3102.011968085106 0.0
695 3103.01059602649 0.0
696 3103.0146666666665 0.0
697 3134.0106100795756 0.0
698 3126.0065876152835 0.0
699 3125.0093209054594 0.0
700 3153.014804845222 0.0
701 3095.0146471371504 0.0
702 3094.024357239513 0.0
703 3095.014608233732 0.0
704 3098.0013106159895 0.0
705 3098.007926023778 0.0
706 3098.0160213618155 0.0
707 3137.0079893475367 0.0
708 3134.0146276595747 0.0
709 3133.0133868808566 0.0
710 3113.0039421813403 0.0
711 3113.0026246719162 0.0
712 3112.0039421813403 0.0
713 3103.0119363395224 0.0
714 3103.0173564753004 0.0
715 3103.017333333333 0.0
716 3103.0173564753004 0.0
717 3102.0230352303524 0.0
718 3102.030095759234 0.0
719 3102.031506849315 0.0
720 3102.0229419703105 0.0
721 3102.009259259259 0.0
722 3102.007926023778 0.0
723 3102.011984021305 0.0
724 3103.0119363395224 0.0
725 3103.01059602649 0.0
726 3103.0065876152835 0.0
727 3101.0052631578947 0.0
728 3099.013368983957 0.0
729 3099.012 0.0
730 3100.007926023778 0.0
731 3101.006596306069 0.0
732 3093.0079365079364 0.0
733 3094.0052631578947 0.0
734 3129.0079575596815 0.0
735 3130.0079155672825 0.0
736 3161.0106666666666 0.0
737 3101.0026246719162 0.0
738 3090.006596306069 0.0
739 3090.0039421813403 0.0
740 3086.0052631578947 0.0
741 3085.0052770448547 0.0
742 3085.00395256917 0.0
743 3083.0052631578947 0.0
744 3083.0079155672825 0.0
745 3082.0257801899593 0.0
746 3083.0132625994693 0.0
747 3082.0271739130435 0.0
748 3083.0132802124836 0.0
749 3083.0146666666665 0.0
750 3084.009259259259 0.0
751 3084.012 0.0
752 3089.0026246719162 0.0
753 3110.006596306069 0.0
754 3079.0013106159895 0.0
755 3077.0079155672825 0.0
756 3076.0079155672825 0.0
757 3075.0052631578947 0.0
758 3074.0092838196288 0.0
759 3062.0079155672825 0.0
760 3061.011984021305 0.0
761 3061.0146666666665 0.0
762 3061.017333333333 0.0
763 3060.02868852459 0.0
764 3060.0257801899593 0.0
765 3060.020188425303 0.0
766 3067.0026281208934 0.0
767 3065.003947368421 0.0
768 3064.007926023778 0.0
769 3064.009271523179 0.0
770 3065.0039421813403 0.0
771 3067.0052770448547 0.0
772 3082.0026246719162 0.0
773 3083.0013106159895 0.0
774 3055.0052770448547 0.0
775 3053.0065876152835 0.0
776 3051.010624169987 0.0
777 3051.0052631578947 0.0
778 3049.0106100795756 0.0
779 3049.01059602649 0.0
780 3049.0106100795756 0.0
781 3050.0079155672825 0.0
782 3050.0079155672825 0.0
783 3073.006596306069 0.0
784 3072.003947368421 0.0
785 3069.0026246719162 0.0
786 3057.010582010582 0.0
787 3056.010582010582 0.0
788 3055.0133333333333 0.0
789 3056.0065876152835 0.0
790 3049.0052770448547 0.0
791 3050.0039421813403 0.0
792 3050.0039421813403 0.0
793 3050.003947368421 0.0
794 3049.00395256917 0.0
795 3050.006596306069 0.0
796 3050.0052700922265 0.0
797 3052.0026315789473 0.0
798 3030.0065876152835 0.0
799 3029.0079365079364 0.0
800 3029.0065876152835 0.0
801 3051.009271523179 0.0
802 3050.009271523179 0.0
803 3038.01059602649 0.0
804 3037.0174731182797 0.0
805 3037.0174731182797 0.0
806 3037.020215633423 0.0
807 3037.0216216216218 0.0
808 3037.021563342318 0.0
809 3037.0214765100673 0.0
810 3037.0227882037534 0.0
811 3037.0214190093707 0.0
812 3036.0258152173915 0.0
813 3018.0272479564032 0.0
814 3018.0329218106995 0.0
815 3019.02144772118 0.0
816 3019.027100271003 0.0
817 3019.027063599459 0.0
818 3011.0132802124836 0.0
819 3010.024357239513 0.0
820 3010.020134228188 0.0
821 3010.0146471371504 0.0
822 3011.0065876152835 0.0
823 3011.010624169987 0.0
824 3011.0092838196288 0.0
825 3011.0039421813403 0.0
826 3010.010582010582 0.0
827 3010.0160213618155 0.0
828 3011.0119363395224 0.0
829 3019.010582010582 0.0
830 3019.018766756032 0.0
831 3021.0026246719162 0.0
832 3021.0079365079364 0.0
833 3021.0052770448547 0.0
834 3015.0186915887853 0.0
835 3015.014608233732 0.0
836 3024.009271523179 0.0
837 3024.0092838196288 0.0
838 3025.0133333333333 0.0
839 3025.021650879567 0.0
840 3027.0079155672825 0.0
841 3031.00395256917 0.0
842 3031.0052770448547 0.0
843 3015.0119205298015 0.0
844 3014.0173564753004 0.0
845 3014.009247027741 0.0
846 3011.024291497976 0.0
847 3011.0201612903224 0.0
848 3015.0052770448547 0.0
849 3014.003947368421 0.0
850 3012.0079365079364 0.0
851 3012.009247027741 0.0
852 3011.0133155792278 0.0
853 3010.0052700922265 0.0
854 3008.0079155672825 0.0
855 3008.0065876152835 0.0
856 3009.0079365079364 0.0
857 3010.0132978723404 0.0
858 3010.0229110512128 0.0
859 3011.0119363395224 0.0
860 3025.0079155672825 0.0
861 3025.007926023778 0.0
862 3032.0106382978724 0.0
863 3023.009271523179 0.0
864 3023.0013106159895 0.0
865 3017.006605019815 0.0
866 3017.0079365079364 0.0
867 3018.009259259259 0.0
868 3042.009247027741 0.0
869 3041.009259259259 0.0
870 3027.0026246719162 0.0
871 3027.0026246719162 0.0
872 3039.0039421813403 0.0
873 3042.0013106159895 0.0
874 3024.007926023778 0.0
875 3024.01059602649 0.0
876 3023.020188425303 0.0
877 3023.0174029451136 0.0
878 3023.014686248331 0.0
879 3023.014686248331 0.0
880 3024.0079365079364 0.0
881 3031.0065876152835 0.0
882 3022.0146276595747 0.0
883 3021.02024291498 0.0
884 3021.011984021305 0.0
885 3021.0065876152835 0.0
886 3021.0052631578947 0.0
887 3041.0092838196288 0.0
888 3042.0052631578947 0.0
889 3035.016 0.0
890 3034.021534320323 0.0
891 3034.0146276595747 0.0
892 3033.0201072386058 0.0
893 3033.0132625994693 0.0
894 3032.018766756032 0.0
895 3032.0146666666665 0.0
896 3033.0079155672825 0.0
897 3033.014686248331 0.0
898 3034.007926023778 0.0
899 3051.017333333333 0.0
900 3051.020053475936 0.0
901 3051.017310252996 0.0
902 3051.017310252996 0.0
903 3051.020080321285 0.0
904 3051.0187919463087 0.0
905 3062.014608233732 0.0
906 3062.0201612903224 0.0
907 3062.0174496644295 0.0
908 3064.009247027741 0.0
909 3068.0079470198675 0.0
910 3067.009271523179 0.0
911 3068.006605019815 0.0
912 3090.009271523179 0.0
913 3067.0026246719162 0.0
914 3065.006596306069 0.0
915 3065.006596306069 0.0
916 3065.0079470198675 0.0
917 3066.007926023778 0.0
918 3067.0079155672825 0.0
919 3067.0106100795756 0.0
920 3067.014686248331 0.0
921 3096.0079155672825 0.0
922 3096.006605019815 0.0
923 3097.0079365079364 0.0
924 3106.0132625994693 0.0
925 3118.01059602649 0.0
926 3091.0079155672825 0.0
927 3090.0132978723404 0.0
928 3089.01610738255 0.0
929 3089.013368983957 0.0
930 3093.0092838196288 0.0
931 3118.00395256917 0.0
932 3131.0079155672825 0.0
933 3133.003947368421 0.0
934 3146.0214765100673 0.0
935 3161.0065876152835 0.0
936 3125.0026246719162 0.0
937 3123.011952191235 0.0
938 3122.0160857908845 0.0
939 3122.0160857908845 0.0
940 3122.010624169987 0.0
941 3122.0052700922265 0.0
942 3099.0201072386058 0.0
943 3099.020080321285 0.0
944 3099.0187919463087 0.0
945 3100.016 0.0
946 3131.009271523179 0.0
947 3132.0065876152835 0.0
948 3132.009259259259 0.0
949 3132.0106100795756 0.0
950 3132.0133333333333 0.0
951 3132.016064257028 0.0
952 3132.0188172043013 0.0
953 3115.0079365079364 0.0
954 3113.0146666666665 0.0
955 3113.007926023778 0.0
956 3112.009308510638 0.0
957 3113.01059602649 0.0
958 3113.0079365079364 0.0
959 3113.0079575596815 0.0
960 3093.006596306069 0.0
961 3092.007926023778 0.0
962 3091.0079470198675 0.0
963 3091.0079470198675 0.0
964 3107.009259259259 0.0
965 3106.010624169987 0.0
966 3074.0052700922265 0.0
967 3073.0106382978724 0.0
968 3073.013368983957 0.0
969 3074.01059602649 0.0
970 3074.0106100795756 0.0
971 3074.0106100795756 0.0
972 3074.009259259259 0.0
973 3075.0026246719162 0.0
974 3077.0052700922265 0.0
975 3080.001312335958 0.0
976 3080.0026281208934 0.0
977 3078.0052631578947 0.0
978 3077.0106100795756 0.0
979 3077.009271523179 0.0
980 3082.003947368421 0.0
981 3082.005284015852 0.0
982 3083.006596306069 0.0
983 3083.006605019815 0.0
984 3084.0052770448547 0.0
985 3086.006605019815 0.0
986 3086.012 0.0
987 3071.0079365079364 0.0
988 3071.0039421813403 0.0
989 3070.00395256917 0.0
990 3071.0026315789473 0.0
991 3072.006596306069 0.0
992 3073.0052631578947 0.0
993 3073.0039421813403 0.0
994 3082.0026246719162 0.0
995 3074.0039421813403 0.0
996 3073.0079365079364 0.0
997 3073.0052700922265 0.0
998 3078.0052700922265 0.0
999 3074.0052631578947 0.0
1000 3077.0026246719162 0.0
1001 3082.0066225165565 0.0
1002 3082.0092838196288 0.0
1003 3082.006605019815 0.0
1004 3081.007926023778 0.0
1005 3067.009259259259 0.0
1006 3066.016064257028 0.0
1007 3066.020188425303 0.0
1008 3067.0119205298015 0.0
1009 3068.0052631578947 0.0
1010 3069.0079155672825 0.0
1011 3069.011968085106 0.0
1012 3069.0133333333333 0.0
1013 3069.010624169987 0.0
1014 3070.003947368421 0.0
1015 3070.003947368421 0.0
1016 3057.003947368421 0.0
1017 3065.0039421813403 0.0
1018 3063.006596306069 0.0
1019 3064.0026246719162 0.0
1020 3091.00395256917 0.0
1021 3088.0079470198675 0.0
1022 3088.003947368421 0.0
1023 3086.0026281208934 0.0
1024 3089.0079575596815 0.0
1025 3089.012016021362 0.0
1026 3064.011968085106 0.0
1027 3064.009259259259 0.0
1028 3064.007926023778 0.0
1029 3067.003947368421 0.0
1030 3081.001314060447 0.0
1031 3081.001314060447 0.0
1032 3081.003947368421 0.0
1033 3070.0052631578947 0.0
1034 3070.0052631578947 0.0
1035 3071.0026246719162 0.0
1036 3071.0039421813403 0.0
1037 3070.010624169987 0.0
1038 3070.010624169987 0.0
1039 3070.0079365079364 0.0
1040 3071.0039421813403 0.0
1041 3071.0026246719162 0.0
1042 3071.003947368421 0.0
1043 3074.003947368421 0.0
1044 3075.007926023778 0.0
1045 3075.006596306069 0.0
1046 3076.0013106159895 0.0
1047 3075.0079155672825 0.0
1048 3075.009247027741 0.0
1049 3075.009247027741 0.0
1050 3075.011968085106 0.0
1051 3076.01059602649 0.0
1052 3076.014705882353 0.0
1053 3079.0026246719162 0.0
1054 3085.006596306069 0.0
1055 3085.009271523179 0.0
1056 3073.0133155792278 0.0
1057 3073.009259259259 0.0
1058 3072.0146666666665 0.0
1059 3072.0146471371504 0.0
1060 3072.0132978723404 0.0
1061 3080.009271523179 0.0
1062 3080.010624169987 0.0
1063 3086.0214765100673 0.0
1064 3085.0106666666666 0.0
1065 3080.007926023778 0.0
1066 3080.0039421813403 0.0
1067 3080.0026246719162 0.0
1068 3078.0052700922265 0.0
1069 3077.0026246719162 0.0
1070 3077.0039421813403 0.0
1071 3065.00395256917 0.0
1072 3065.001312335958 0.0
1073 3078.009259259259 0.0
1074 3078.0052631578947 0.0
1075 3078.0052631578947 0.0
1076 3091.0065876152835 0.0
1077 3092.0039421813403 0.0
1078 3092.0079365079364 0.0
1079 3093.006596306069 0.0
1080 3093.0039421813403 0.0
1081 3089.0013106159895 0.0
1082 3084.009259259259 0.0
1083 3083.007926023778 0.0
1084 3082.003947368421 0.0
1085 3073.003947368421 0.0
1086 3069.0079365079364 0.0
1087 3068.006596306069 0.0
1088 3067.006605019815 0.0
1089 3069.0026246719162 0.0
1090 3070.0052700922265 0.0
1091 3070.006605019815 0.0
1092 3080.010624169987 0.0
1093 3080.011968085106 0.0
1094 3080.011968085106 0.0
1095 3080.0106382978724 0.0
1096 3082.0052770448547 0.0
1097 3083.0079155672825 0.0
1098 3082.0133511348463 0.0
1099 3064.011952191235 0.0
1100 3088.0013106159895 0.0
1101 3088.0039421813403 0.0
1102 3087.007926023778 0.0
1103 3088.0039421813403 0.0
1104 3089.005284015852 0.0
1105 3067.0052700922265 0.0
1106 3065.0146666666665 0.0
1107 3065.0132978723404 0.0
1108 3065.011952191235 0.0
1109 3065.009271523179 0.0
1110 3066.0052631578947 0.0
1111 3049.007926023778 0.0
1112 3067.0039421813403 0.0
1113 3067.0079155672825 0.0
1114 3094.01059602649 0.0
1115 3093.0106382978724 0.0
1116 3053.0079365079364 0.0
1117 3052.0079365079364 0.0
1118 3051.007926023778 0.0
1119 3051.0052631578947 0.0
1120 3051.0065876152835 0.0
1121 3051.0133333333333 0.0
1122 3077.0039421813403 0.0
1123 3063.0132625994693 0.0
1124 3062.0146666666665 0.0
1125 3061.0079365079364 0.0
1126 3057.0079365079364 0.0
1127 3058.0039421813403 0.0
1128 3059.0039421813403 0.0
1129 3058.014686248331 0.0
1130 3084.003947368421 0.0
1131 3084.0052631578947 0.0
1132 3084.010582010582 0.0
1133 3084.0119363395224 0.0
1134 3085.0052631578947 0.0
1135 3067.0013106159895 0.0
1136 3096.0052700922265 0.0
1137 3096.009259259259 0.0
1138 3096.0146666666665 0.0
1139 3071.003947368421 0.0
1140 3069.016064257028 0.0
1141 3090.0039421813403 0.0
1142 3098.0026246719162 0.0
1143 3093.0052770448547 0.0
1144 3074.0065876152835 0.0
1145 3074.0065876152835 0.0
1146 3074.0079155672825 0.0
1147 3074.0119363395224 0.0
1148 3074.009247027741 0.0
1149 3073.0052631578947 0.0
1150 3071.0146666666665 0.0
1151 3071.0146666666665 0.0
1152 3072.0039421813403 0.0
1153 3072.0026246719162 0.0
1154 3072.0039421813403 0.0
1155 3074.0013106159895 0.0
1156 3076.006605019815 0.0
1157 3077.006596306069 0.0
1158 3077.011968085106 0.0
1159 3077.011952191235 0.0
1160 3077.010624169987 0.0
1161 3077.0106100795756 0.0
1162 3077.010624169987 0.0
1163 3078.009271523179 0.0
1164 3078.006596306069 0.0
1165 3075.009247027741 0.0
1166 3074.0106100795756 0.0
1167 3074.0119205298015 0.0
1168 3074.010582010582 0.0
1169 3075.007926023778 0.0
1170 3075.0092838196288 0.0
1171 3076.0052631578947 0.0
1172 3075.011984021305 0.0
1173 3075.010624169987 0.0
1174 3075.0079365079364 0.0
1175 3075.006596306069 0.0
1176 3075.0026246719162 0.0
1177 3111.0079155672825 0.0
1178 3079.0146471371504 0.0
1179 3079.01059602649 0.0
1180 3091.0052770448547 0.0
1181 3091.003947368421 0.0
1182 3091.0052770448547 0.0
1183 3091.003947368421 0.0
1184 3113.006596306069 0.0
1185 3112.0066137566137 0.0
1186 3101.0065876152835 0.0
1187 3101.0039421813403 0.0
1188 3114.014686248331 0.0
1189 3126.009308510638 0.0
1190 3107.0026246719162 0.0
1191 3105.0052631578947 0.0
1192 3104.006596306069 0.0
1193 3104.0039421813403 0.0
1194 3102.0079470198675 0.0
1195 3102.009271523179 0.0
1196 3102.010624169987 0.0
1197 3116.0013106159895 0.0
1198 3118.001312335958 0.0
1199 3114.0065876152835 0.0
1200 3139.005284015852 0.0
1201 3140.009247027741 0.0
1202 3107.0026246719162 0.0
1203 3102.0133155792278 0.0
1204 3102.0160427807486 0.0
1205 3102.0188172043013 0.0
1206 3102.0132802124836 0.0
1207 3101.0132978723404 0.0
1208 3100.0146276595747 0.0
1209 3100.010582010582 0.0
1210 3099.016064257028 0.0
1211 3099.0146666666665 0.0
1212 3148.009271523179 0.0
1213 3141.0065876152835 0.0
1214 3141.007926023778 0.0
1215 3141.0133155792278 0.0
1216 3123.001312335958 0.0
1217 3120.010624169987 0.0
1218 3118.014705882353 0.0
1219 3117.0106100795756 0.0
1220 3116.0106100795756 0.0
1221 3116.009259259259 0.0
1222 3116.0079155672825 0.0
1223 3116.006596306069 0.0
1224 3156.0119205298015 0.0
1225 3155.014705882353 0.0
1226 3148.0079155672825 0.0
1227 3145.0160427807486 0.0
1228 3145.0132978723404 0.0
1229 3128.0052700922265 0.0
1230 3128.006596306069 0.0
1231 3128.0065876152835 0.0
1232 3128.0079155672825 0.0
1233 3127.014686248331 0.0
1234 3127.0133333333333 0.0
1235 3087.0052770448547 0.0
1236 3149.01059602649 0.0
1237 3127.016064257028 0.0
1238 3127.0174029451136 0.0
1239 3127.016 0.0
1240 3127.01059602649 0.0
1241 3127.0065876152835 0.0
1242 3127.0039421813403 0.0
1243 3127.0039421813403 0.0
1244 3146.0106100795756 0.0
1245 3135.0052770448547 0.0
1246 3143.014705882353 0.0
1247 3145.0026281208934 0.0
1248 3163.0187919463087 0.0
1249 3163.021534320323 0.0
1250 3141.0065876152835 0.0
1251 3091.0133155792278 0.0
1252 3154.006596306069 0.0
1253 3095.0052770448547 0.0
1254 3149.009247027741 0.0
1255 3095.0132978723404 0.0
1256 3095.0174262734586 0.0
1257 3096.011952191235 0.0
1258 3167.01059602649 0.0
1259 3167.007926023778 0.0
1260 3185.0026385224273 0.0
1261 3182.01059602649 0.0
1262 3181.0092961487385 0.0
1263 3167.006605019815 0.0
1264 3177.0026350461135 0.0
1265 3171.0052631578947 0.0
1266 3170.0132978723404 0.0
1267 3170.01871657754 0.0
1268 3161.0026281208934 0.0
1269 3161.0013106159895 0.0
1270 3172.01059602649 0.0
1271 3172.0133155792278 0.0
1272 3172.01059602649 0.0
1273 3172.0106100795756 0.0
1274 3171.0146666666665 0.0
1275 3171.0146471371504 0.0
1276 3171.0119363395224 0.0
1277 3171.009247027741 0.0
1278 3171.009247027741 0.0
1279 3174.0013106159895 0.0
1280 3172.006596306069 0.0
1281 3171.0026281208934 0.0
1282 3165.0174731182797 0.0
1283 3165.016129032258 0.0
1284 3166.0146276595747 0.0
1285 3166.0160427807486 0.0
1286 3167.0092838196288 0.0
1287 3169.0052770448547 0.0
1288 3171.007926023778 0.0
1289 3181.007926023778 0.0
1290 3180.007926023778 0.0
1291 3179.0160427807486 0.0
1292 3180.0065876152835 0.0
1293 3180.012 0.0
1294 3187.014705882353 0.0
1295 3187.0201612903224 0.0
1296 3197.0093209054594 0.0
1297 3197.0079470198675 0.0
1298 3195.0039421813403 0.0
1299 3159.0188679245284 0.0
1300 3160.009247027741 0.0
1301 3159.0160427807486 0.0
1302 3159.0132802124836 0.0
1303 3158.024291497976 0.0
1304 3158.01871657754 0.0
1305 3157.0174966352624 0.0
1306 3157.0026281208934 0.0
1307 3155.0201072386058 0.0
1308 3155.0187416331996 0.0
1309 3155.0146471371504 0.0
1310 3155.01059602649 0.0
1311 3155.007926023778 0.0
1312 3157.0013106159895 0.0
1313 3163.0079365079364 0.0
1314 3163.009259259259 0.0
1315 3162.0187919463087 0.0
1316 3162.021563342318 0.0
1317 3163.014686248331 0.0
1318 3181.0160427807486 0.0
1319 3182.0132625994693 0.0
1320 3193.027397260274 0.0
1321 3193.0315934065934 0.0
1322 3193.0271739130435 0.0
1323 3157.009259259259 0.0
1324 3162.0013106159895 0.0
1325 3162.0039421813403 0.0
1326 3192.0052700922265 0.0
1327 3185.007926023778 0.0
1328 3185.009308510638 0.0
1329 3165.0052700922265 0.0
1330 3163.0243243243244 0.0
1331 3163.020080321285 0.0
1332 3163.018766756032 0.0
1333 3163.0230040595397 0.0
1334 3164.018766756032 0.0
1335 3179.010582010582 0.0
1336 3189.014705882353 0.0
1337 3189.0133333333333 0.0
1338 3185.0013106159895 0.0
1339 3182.010624169987 0.0
1340 3181.0026315789473 0.0
1341 3179.0039421813403 0.0
1342 3176.0079365079364 0.0
1343 3175.011952191235 0.0
1344 3193.006596306069 0.0
1345 3174.0119205298015 0.0
1346 3173.007926023778 0.0
1347 3173.0052700922265 0.0
1348 3166.0188172043013 0.0
1349 3166.0146471371504 0.0
1350 3166.009247027741 0.0
1351 3165.010652463382 0.0
1352 3166.007926023778 0.0
1353 3171.0079365079364 0.0
1354 3161.007926023778 0.0
1355 3161.0039421813403 0.0
1356 3185.0202976995943 0.0
1357 3185.0272851296045 0.0
1358 3189.016064257028 0.0
1359 3189.0273224043717 0.0
1360 3189.023066485753 0.0
1361 3189.0119205298015 0.0
1362 3187.0174496644295 0.0
1363 3175.014686248331 0.0
1364 3175.009247027741 0.0
1365 3173.010624169987 0.0
1366 3172.0159574468084 0.0
1367 3171.0285714285715 0.0
1368 3180.0106100795756 0.0
1369 3179.0052631578947 0.0
1370 3177.0079365079364 0.0
1371 3177.01059602649 0.0
1372 3177.0133155792278 0.0
1373 3177.0133333333333 0.0
1374 3177.010652463382 0.0
1375 3177.0079575596815 0.0
1376 3177.005291005291 0.0
1377 3177.00395256917 0.0
1378 3164.0173796791446 0.0
1379 3172.0013106159895 0.0
1380 3172.0039421813403 0.0
1381 3171.0026281208934 0.0
1382 3169.005291005291 0.0
1383 3169.0026350461135 0.0
1384 3167.0173564753004 0.0
1385 3166.0271739130435 0.0
1386 3166.0160213618155 0.0
1387 3166.0119363395224 0.0
1388 3166.0133333333333 0.0
1389 3155.0146666666665 0.0
1390 3155.006596306069 0.0
1391 3153.020188425303 0.0
1392 3153.0119363395224 0.0
1393 3152.016064257028 0.0
1394 3165.007926023778 0.0
1395 3164.0146471371504 0.0
1396 3164.0146666666665 0.0
1397 3165.011968085106 0.0
1398 3165.0174262734586 0.0
1399 3165.021563342318 0.0
1400 3165.020215633423 0.0
1401 3165.014745308311 0.0
1402 3173.0119363395224 0.0
1403 3171.012016021362 0.0
1404 3171.0079155672825 0.0
1405 3171.009259259259 0.0
1406 3171.014686248331 0.0
1407 3171.0187919463087 0.0
1408 3172.0052631578947 0.0
1409 3171.0132802124836 0.0
1410 3171.0052631578947 0.0
1411 3168.0013106159895 0.0
1412 3171.0013106159895 0.0
1413 3169.0013106159895 0.0
1414 3169.0013106159895 0.0
1415 3169.0133333333333 0.0
1416 3170.010582010582 0.0
1417 3177.010624169987 0.0
1418 3176.011952191235 0.0
1419 3175.0106100795756 0.0
1420 3168.0079155672825 0.0
1421 3167.009259259259 0.0
1422 3181.012048192771 0.0
1423 3182.0228187919465 0.0
1424 3167.0079365079364 0.0
1425 3188.0013106159895 0.0
1426 3184.0106382978724 0.0
1427 3185.0146666666665 0.0
1428 3185.012 0.0
1429 3185.0052700922265 0.0
1430 3170.0229110512128 0.0
1431 3170.010582010582 0.0
1432 3168.0160427807486 0.0
1433 3167.0272479564032 0.0
1434 3167.0286493860845 0.0
1435 3168.014608233732 0.0
1436 3167.0244897959183 0.0
1437 3168.011984021305 0.0
1438 3160.0146471371504 0.0
1439 3160.0132802124836 0.0
1440 3161.006605019815 0.0
1441 3177.0013106159895 0.0
1442 3178.0119363395224 0.0
1443 3166.0065876152835 0.0
1444 3165.0106382978724 0.0
1445 3181.0106382978724 0.0
1446 3181.010582010582 0.0
1447 3181.0106382978724 0.0
1448 3177.021680216802 0.0
1449 3177.012048192771 0.0
1450 3173.0052770448547 0.0
1451 3173.0052631578947 0.0
1452 3173.006605019815 0.0
1453 3173.0052700922265 0.0
1454 3173.00395256917 0.0
1455 3178.018766756032 0.0
1456 3177.0147849462364 0.0
1457 3177.014686248331 0.0
1458 3177.016064257028 0.0
1459 3177.021680216802 0.0
1460 3178.0214190093707 0.0
1461 3181.020352781547 0.0
1462 3182.026917900404 0.0
1463 3182.0472878998607 0.0
1464 3182.0488145048816 0.0
1465 3173.012016021362 0.0
1466 3174.0119205298015 0.0
1467 3174.01871657754 0.0
1468 3174.0186915887853 0.0
1469 3173.003963011889 0.0
1470 3169.0174262734586 0.0
1471 3169.0146666666665 0.0
1472 3169.0106100795756 0.0
1473 3169.0146666666665 0.0
1474 3169.0257452574524 0.0
1475 3169.031420765027 0.0
1476 3169.034435261708 0.0
1477 3170.0186915887853 0.0
1478 3170.01871657754 0.0
1479 3170.016 0.0
1480 3170.0119363395224 0.0
1481 3169.0119363395224 0.0
1482 3168.0173796791446 0.0
1483 3168.0132625994693 0.0
1484 3168.0146471371504 0.0
1485 3169.0079155672825 0.0
1486 3169.0079575596815 0.0
1487 3181.014705882353 0.0
1488 3181.010652463382 0.0
1489 3181.0079365079364 0.0
1490 3180.006596306069 0.0
1491 3179.001312335958 0.0
1492 3181.00395256917 0.0
1493 3181.0174496644295 0.0
1494 3181.0286493860845 0.0
1495 3181.034387895461 0.0
1496 3181.0272108843537 0.0
1497 3181.009259259259 0.0
1498 3179.0132625994693 0.0
1499 3177.0375 0.0
1500 3177.0134589502018 0.0
1501 3167.016064257028 0.0
1502 3167.020134228188 0.0
1503 3167.011952191235 0.0
1504 3167.0052700922265 0.0
1505 3167.0052631578947 0.0
1506 3167.01059602649 0.0
1507 3162.01059602649 0.0
1508 3162.0160427807486 0.0
1509 3162.022972972973 0.0
1510 3163.0159574468084 0.0
1511 3163.0228802153433 0.0
1512 3164.0079155672825 0.0
1513 3165.007926023778 0.0
1514 3171.0147255689426 0.0
1515 3172.0229419703105 0.0
1516 3173.0173564753004 0.0
1517 3173.02868852459 0.0
1518 3173.0345781466112 0.0
1519 3173.0406162464988 0.0
1520 3153.011968085106 0.0
1521 3153.011968085106 0.0
1522 3159.009271523179 0.0
1523 3159.007926023778 0.0
1524 3173.011968085106 0.0
1525 3173.0079365079364 0.0
1526 3172.0092961487385 0.0
1527 3173.009247027741 0.0
1528 3173.0160857908845 0.0
1529 3173.0187919463087 0.0
1530 3173.01871657754 0.0
1531 3173.021563342318 0.0
1532 3166.024258760108 0.0
1533 3153.0132978723404 0.0
1534 3155.0013106159895 0.0
1535 3155.0039421813403 0.0
1536 3164.005291005291 0.0
1537 3164.003963011889 0.0
1538 3165.010624169987 0.0
1539 3165.0174966352624 0.0
1540 3159.01059602649 0.0
1541 3158.009259259259 0.0
1542 3155.007926023778 0.0
1543 3153.003957783641 0.0
1544 3151.0186915887853 0.0
1545 3150.0160427807486 0.0
1546 3145.0026281208934 0.0
1547 3143.020080321285 0.0
1548 3143.018766756032 0.0
1549 3174.0369357045142 0.0
1550 3159.0286103542235 0.0
1551 3151.005284015852 0.0
1552 3151.003947368421 0.0
1553 3174.029810298103 0.0
1554 3169.006640106242 0.0
1555 3169.00796812749 0.0
1556 3169.0066137566137 0.0
1557 3169.003947368421 0.0
1558 3160.0052700922265 0.0
1559 3157.001314060447 0.0
1560 3155.0132978723404 0.0
1561 3158.0052631578947 0.0
1562 3140.009259259259 0.0
1563 3139.00395256917 0.0
1564 3140.0026246719162 0.0
1565 3143.0065876152835 0.0
1566 3143.015978695073 0.0
1567 3143.024258760108 0.0
1568 3143.02024291498 0.0
1569 3144.0079155672825 0.0
1570 3143.009271523179 0.0
1571 3143.0039421813403 0.0
1572 3144.0026246719162 0.0
1573 3147.0039421813403 0.0
1574 3147.011968085106 0.0
1575 3147.0173564753004 0.0
1576 3147.015978695073 0.0
1577 3147.0119205298015 0.0
1578 3147.0119205298015 0.0
1579 3147.011952191235 0.0
1580 3147.011968085106 0.0
1581 3147.010624169987 0.0
1582 3147.01059602649 0.0
1583 3149.0052770448547 0.0
1584 3151.0039421813403 0.0
1585 3153.0026246719162 0.0
1586 3165.0174029451136 0.0
1587 3165.0133155792278 0.0
1588 3165.0176151761516 0.0
1589 3158.020188425303 0.0
1590 3158.018666666667 0.0
1591 3150.0174731182797 0.0
1592 3150.021592442645 0.0
1593 3151.0132978723404 0.0
1594 3151.0174731182797 0.0
1595 3152.0173796791446 0.0
1596 3139.017333333333 0.0
1597 3138.0201612903224 0.0
1598 3153.0039421813403 0.0
1599 3135.0119205298015 0.0
1600 3136.0052631578947 0.0
1601 3151.018766756032 0.0
1602 3152.010582010582 0.0
1603 3152.011968085106 0.0
1604 3152.0106382978724 0.0
1605 3153.0133868808566 0.0
1606 3147.0092838196288 0.0
1607 3146.0106100795756 0.0
1608 3148.0039421813403 0.0
1609 3158.020080321285 0.0
1610 3160.010680907877 0.0
1611 3167.011968085106 0.0
1612 3142.016 0.0
1613 3141.0106100795756 0.0
1614 3138.009271523179 0.0
1615 3137.010652463382 0.0
1616 3138.007926023778 0.0
1617 3138.006596306069 0.0
1618 3150.0227882037534 0.0
1619 3152.0079155672825 0.0
1620 3154.0119363395224 0.0
1621 3154.0187416331996 0.0
1622 3149.00395256917 0.0
1623 3147.0326975476837 0.0
1624 3146.0475524475523 0.0
1625 3147.0271739130435 0.0
1626 3149.0257801899593 0.0
1627 3161.0174966352624 0.0
1628 3152.0229110512128 0.0
1629 3152.0371389270977 0.0
1630 3135.007926023778 0.0
1631 3135.0026246719162 0.0
1632 3135.00395256917 0.0
1633 3135.0052700922265 0.0
1634 3137.0066312997346 0.0
1635 3138.024357239513 0.0
1636 3139.015978695073 0.0
1637 3140.0201072386058 0.0
1638 3141.015978695073 0.0
1639 3146.011952191235 0.0
1640 3146.0160213618155 0.0
1641 3147.006596306069 0.0
1642 3156.0066225165565 0.0
1643 3157.0287671232877 0.0
1644 3158.0282637954238 0.0
1645 3158.038199181446 0.0
1646 3122.009271523179 0.0
1647 3120.009271523179 0.0
1648 3119.022972972973 0.0
1649 3119.020134228188 0.0
1650 3119.0146471371504 0.0
1651 3119.01059602649 0.0
1652 3119.0106100795756 0.0
1653 3119.011968085106 0.0
1654 3119.011952191235 0.0
1655 3121.0013106159895 0.0
1656 3122.0039421813403 0.0
1657 3121.0013106159895 0.0
1658 3120.0079155672825 0.0
1659 3120.006596306069 0.0
1660 3121.0026246719162 0.0
1661 3124.007926023778 0.0
1662 3134.0133155792278 0.0
1663 3134.0187416331996 0.0
1664 3134.0173796791446 0.0
1665 3135.0065876152835 0.0
1666 3136.006596306069 0.0
1667 3137.009271523179 0.0
1668 3159.0013106159895 0.0
1669 3137.006605019815 0.0
1670 3137.0026246719162 0.0
1671 3133.014686248331 0.0
1672 3134.009259259259 0.0
1673 3133.0026281208934 0.0
1674 3131.027100271003 0.0
1675 3131.0187416331996 0.0
1676 3135.0013106159895 0.0
1677 3129.0146276595747 0.0
1678 3133.0026246719162 0.0
1679 3132.0013106159895 0.0
1680 3129.0188172043013 0.0
1681 3131.009259259259 0.0
1682 3131.0133511348463 0.0
1683 3161.012016021362 0.0
1684 3158.029769959405 0.0
1685 3134.0065876152835 0.0
1686 3133.0079365079364 0.0
1687 3118.0272108843537 0.0
1688 3118.0257104194857 0.0
1689 3119.015978695073 0.0
1690 3119.030054644809 0.0
1691 3120.031377899045 0.0
1692 3122.01059602649 0.0
1693 3125.0026315789473 0.0
1694 3127.006596306069 0.0
1695 3127.010582010582 0.0
1696 3126.021563342318 0.0
1697 3154.0255376344085 0.0
1698 3136.009247027741 0.0
1699 3135.011952191235 0.0
1700 3134.0258152173915 0.0
1701 3134.031335149864 0.0
1702 3134.031335149864 0.0
1703 3134.0329218106995 0.0
1704 3134.0344827586205 0.0
1705 3135.0186915887853 0.0
1706 3135.0146471371504 0.0
1707 3119.011968085106 0.0
1708 3119.0146471371504 0.0
1709 3118.0187919463087 0.0
1710 3118.0052631578947 0.0
1711 3116.0132625994693 0.0
1712 3116.016 0.0
1713 3116.0159574468084 0.0
1714 3115.038567493113 0.0
1715 3123.0079365079364 0.0
1716 3122.0092838196288 0.0
1717 3130.0159574468084 0.0
1718 3130.01059602649 0.0
1719 3107.011952191235 0.0
1720 3107.0079365079364 0.0
1721 3108.0119205298015 0.0
1722 3108.0146471371504 0.0
1723 3109.009247027741 0.0
1724 3109.0106100795756 0.0
1725 3109.012 0.0
1726 3109.011984021305 0.0
1727 3109.011952191235 0.0
1728 3109.011952191235 0.0
1729 3108.0228802153433 0.0
1730 3108.016 0.0
1731 3108.0132625994693 0.0
1732 3107.020188425303 0.0
1733 3109.011968085106 0.0
1734 3109.025850340136 0.0
1735 3110.0228187919465 0.0
1736 3110.0284167794316 0.0
1737 3110.0285326086955 0.0
1738 3113.001312335958 0.0
1739 3127.0242261103635 0.0
1740 3127.0228494623657 0.0
1741 3127.01871657754 0.0
1742 3127.015978695073 0.0
1743 3127.0132802124836 0.0
1744 3129.0026246719162 0.0
1745 3129.0026246719162 0.0
1746 3126.028455284553 0.0
1747 3154.0255720053838 0.0
1748 3154.0355677154585 0.0
1749 3141.013368983957 0.0
1750 3140.024291497976 0.0
1751 3140.016 0.0
1752 3149.0066137566137 0.0
1753 3149.0026281208934 0.0
1754 3127.038514442916 0.0
1755 3126.0431754874653 0.0
1756 3126.0343406593406 0.0
1757 3109.007926023778 0.0
1758 3107.0186915887853 0.0
1759 3106.028455284553 0.0
1760 3106.0241610738253 0.0
1761 3105.0287277701777 0.0
1762 3106.0174029451136 0.0
1763 3108.0146666666665 0.0
1764 3109.0119205298015 0.0
1765 3109.0160213618155 0.0
1766 3121.0052770448547 0.0
1767 3119.010652463382 0.0
1768 3118.0026246719162 0.0
1769 3116.0146471371504 0.0
1770 3117.0065876152835 0.0
1771 3118.0119363395224 0.0
1772 3119.0079155672825 0.0
1773 3120.0013106159895 0.0
1774 3120.0013106159895 0.0
1775 3119.0013106159895 0.0
1776 3118.0052631578947 0.0
1777 3113.015978695073 0.0
1778 3113.006596306069 0.0
1779 3110.0188172043013 0.0
1780 3110.021534320323 0.0
1781 3109.018944519621 0.0
1782 3109.0092838196288 0.0
1783 3107.0355677154585 0.0
1784 3107.03125 0.0
1785 3107.02144772118 0.0
1786 3107.014608233732 0.0
1787 3098.014608233732 0.0
1788 3097.0272479564032 0.0
1789 3107.009259259259 0.0
1790 3106.009259259259 0.0
1791 3118.0173564753004 0.0
1792 3117.0174966352624 0.0
1793 3118.017310252996 0.0
1794 3118.028455284553 0.0
1795 3105.0052770448547 0.0
1796 3105.0079365079364 0.0
1797 3105.0092838196288 0.0
1798 3106.007926023778 0.0
1799 3109.0026246719162 0.0
1800 3108.0092961487385 0.0
1801 3109.009247027741 0.0
1802 3109.0079155672825 0.0
1803 3109.0039421813403 0.0
1804 3107.0186915887853 0.0
1805 3113.006605019815 0.0
1806 3114.0065876152835 0.0
1807 3122.0132802124836 0.0
1808 3122.0228802153433 0.0
1809 3123.016 0.0
1810 3133.0106382978724 0.0
1811 3145.028806584362 0.0
1812 3146.0255720053838 0.0
1813 3145.0175675675678 0.0
1814 3145.0079470198675 0.0
1815 3143.0052700922265 0.0
1816 3144.0013106159895 0.0
1817 3133.0106100795756 0.0
1818 3132.0271370420623 0.0
1819 3132.0312075983716 0.0
1820 3132.0269541778976 0.0
1821 3132.0200267022697 0.0
1822 3132.0173564753004 0.0
1823 3131.018766756032 0.0
1824 3130.0257801899593 0.0
1825 3129.0188425302827 0.0
1826 3128.018766756032 0.0
1827 3128.0065876152835 0.0
1828 3128.0013106159895 0.0
1829 3146.017310252996 0.0
1830 3145.0188425302827 0.0
1831 3145.009259259259 0.0
1832 3151.0026281208934 0.0
1833 3151.0026281208934 0.0
1834 3151.0026281208934 0.0
1835 3151.0026281208934 0.0
1836 3147.0026281208934 0.0
1837 3147.0026281208934 0.0
1838 3137.01059602649 0.0
1839 3137.0052700922265 0.0
1840 3135.0284167794316 0.0
1841 3135.0269905533064 0.0
1842 3137.0093333333334 0.0
1843 3138.0256756756758 0.0
1844 3142.0327421555253 0.0
1845 3142.0460251046024 0.0
1846 3145.0052700922265 0.0
1847 3133.01059602649 0.0
1848 3132.0106100795756 0.0
1849 3125.010680907877 0.0
1850 3121.0287277701777 0.0
1851 3121.022972972973 0.0
1852 3121.027397260274 0.0
1853 3122.031292517007 0.0
1854 3125.010652463382 0.0
1855 3136.0132625994693 0.0
1856 3135.0284167794316 0.0
1857 3137.0026315789473 0.0
1858 3133.020188425303 0.0
1859 3132.0228187919465 0.0
1860 3131.032786885246 0.0
1861 3133.0079575596815 0.0
1862 3138.0159574468084 0.0
1863 3137.031335149864 0.0
1864 3123.0052631578947 0.0
1865 3123.0052631578947 0.0
1866 3123.0065876152835 0.0
1867 3137.0213903743315 0.0
1868 3137.024357239513 0.0
1869 3125.0066137566137 0.0
1870 3125.0052631578947 0.0
1871 3135.0026281208934 0.0
1872 3134.020053475936 0.0
1873 3134.0186915887853 0.0
1874 3134.014608233732 0.0
1875 3133.020215633423 0.0
1876 3133.0133155792278 0.0
1877 3133.02024291498 0.0
1878 3145.0052700922265 0.0
1879 3117.0052631578947 0.0
1880 3115.0079365079364 0.0
1881 3114.0146276595747 0.0
1882 3114.0146276595747 0.0
1883 3114.0173796791446 0.0
1884 3115.0119205298015 0.0
1885 3133.011968085106 0.0
1886 3131.0256756756758 0.0
1887 3119.020053475936 0.0
1888 3118.045897079277 0.0
1889 3119.0159574468084 0.0
1890 3127.009271523179 0.0
1891 3121.0133155792278 0.0
1892 3121.0160213618155 0.0
1893 3121.01059602649 0.0
1894 3120.0133155792278 0.0
1895 3119.0039421813403 0.0
1896 3117.014705882353 0.0
1897 3118.0146471371504 0.0
1898 3105.0013106159895 0.0
1899 3121.011952191235 0.0
1900 3121.0174496644295 0.0
1901 3122.027063599459 0.0
1902 3122.0460251046024 0.0
1903 3123.0326975476837 0.0
1904 3123.0431154381085 0.0
1905 3132.0134048257373 0.0
1906 3132.0106666666666 0.0
1907 3132.0093209054594 0.0
1908 3127.014608233732 0.0
1909 3127.0065876152835 0.0
1910 3129.003957783641 0.0
1911 3137.0188425302827 0.0
1912 3137.0174731182797 0.0
1913 3137.0160857908845 0.0
1914 3137.0133511348463 0.0
1915 3129.020188425303 0.0
1916 3117.006596306069 0.0
1917 3117.011984021305 0.0
1918 3119.0026246719162 0.0
1919 3129.0146666666665 0.0
1920 3129.0160857908845 0.0
1921 3130.014608233732 0.0
1922 3130.0186915887853 0.0
1923 3130.0227882037534 0.0
1924 3130.0284167794316 0.0
1925 3115.0285714285715 0.0
1926 3115.020188425303 0.0
1927 3115.0106382978724 0.0
1928 3115.0079575596815 0.0
1929 3138.0227882037534 0.0
1930 3137.0387275242047 0.0
1931 3137.034199726402 0.0
1932 3130.0186915887853 0.0
1933 3129.014705882353 0.0
1934 3127.020134228188 0.0
1935 3126.03146374829 0.0
1936 3126.0272108843537 0.0
1937 3126.0230040595397 0.0
1938 3128.0065876152835 0.0
1939 3134.0174029451136 0.0
1940 3134.018666666667 0.0
1941 3126.031335149864 0.0
1942 3125.0133333333333 0.0
1943 3123.031377899045 0.0
1944 3124.014608233732 0.0
1945 3124.0188425302827 0.0
1946 3125.0119205298015 0.0
1947 3124.0133511348463 0.0
1948 3125.0026246719162 0.0
1949 3122.025641025641 0.0
1950 3121.0433566433567 0.0
1951 3121.0476190476193 0.0
1952 3122.0353260869565 0.0
1953 3122.032564450475 0.0
1954 3121.0216216216218 0.0
1955 3119.032564450475 0.0
1956 3119.038199181446 0.0
1957 3129.024357239513 0.0
1958 3129.031335149864 0.0
1959 3129.0243243243244 0.0
1960 3103.0039421813403 0.0
1961 3126.05657708628 0.0
1962 3101.0187919463087 0.0
1963 3116.007926023778 0.0
1964 3116.006596306069 0.0
1965 3117.005284015852 0.0
1966 3122.020134228188 0.0
1967 3122.0229110512128 0.0
1968 3122.0341530054643 0.0
1969 3109.0119205298015 0.0
1970 3108.0173564753004 0.0
1971 3107.0327421555253 0.0
1972 3107.037087912088 0.0
1973 3109.0013106159895 0.0
1974 3117.0147849462364 0.0
1975 3113.036211699164 0.0
1976 3113.036161335188 0.0
1977 3113.0287277701777 0.0
1978 3113.0186915887853 0.0
1979 3112.021650879567 0.0
1980 3113.0174029451136 0.0
1981 3132.009247027741 0.0
1982 3131.0079365079364 0.0
1983 3102.038567493113 0.0
1984 3102.0473537604457 0.0
1985 3103.0186915887853 0.0
1986 3102.0414937759338 0.0
1987 3110.0201612903224 0.0
1988 3110.0298507462685 0.0
1989 3110.0242261103635 0.0
1990 3106.0476190476193 0.0
1991 3106.0503496503497 0.0
1992 3106.073593073593 0.0
1993 3106.0688665710186 0.0
1994 3106.0354706684857 0.0
1995 3106.0013106159895 0.0
1996 3103.0186915887853 0.0
1997 3103.005291005291 0.0
1998 3099.0092838196288 0.0
1999 3100.009247027741 0.0
2000 3099.0188172043013 0.0
2001 3117.0187416331996 0.0
2002 3117.021650879567 0.0
2003 3118.0214765100673 0.0
2004 3110.0187416331996 0.0
2005 3110.024291497976 0.0
2006 3125.0214765100673 0.0
2007 3125.027063599459 0.0
2008 3125.020215633423 0.0
2009 3125.0133511348463 0.0
2010 3125.0187416331996 0.0
2011 3125.0269541778976 0.0
2012 3125.030013642565 0.0
2013 3125.0303448275863 0.0
2014 3114.0283018867926 0.0
2015 3113.003963011889 0.0
2016 3110.026917900404 0.0
2017 3110.0269905533064 0.0
2018 3110.0284167794316 0.0
2019 3099.0383036935705 0.0
2020 3099.0424076607387 0.0
2021 3099.042524005487 0.0
2022 3099.0311653116532 0.0
2023 3099.0201072386058 0.0
2024 3098.032967032967 0.0
2025 3098.0329218106995 0.0
2026 3098.0272108843537 0.0
2027 3098.0228494623657 0.0
2028 3098.020053475936 0.0
2029 3098.0214190093707 0.0
2030 3097.034435261708 0.0
2031 3116.0133155792278 0.0
2032 3116.0187919463087 0.0
2033 3104.0228802153433 0.0
2034 3104.025641025641 0.0
2035 3104.0173564753004 0.0
2036 3105.0026246719162 0.0
2037 3109.007926023778 0.0
2038 3108.0079365079364 0.0
2039 3105.0052770448547 0.0
2040 3105.007926023778 0.0
2041 3104.0119205298015 0.0
2042 3103.0269905533064 0.0
2043 3102.040110650069 0.0
2044 3102.0214765100673 0.0
2045 3093.0201072386058 0.0
2046 3100.011952191235 0.0
2047 3100.011952191235 0.0
2048 3101.007926023778 0.0
2049 3089.006596306069 0.0
2050 3087.0257452574524 0.0
2051 3088.0065876152835 0.0
2052 3083.0228802153433 0.0
2053 3087.003947368421 0.0
2054 3085.001312335958 0.0
2055 3085.0052770448547 0.0
2056 3118.0132625994693 0.0
2057 3117.025920873124 0.0
2058 3105.0092961487385 0.0
2059 3105.0065876152835 0.0
2060 3104.0013106159895 0.0
2061 3105.0093457943926 0.0
2062 3107.0228494623657 0.0
2063 3108.0241935483873 0.0
2064 3108.0355677154585 0.0
2065 3109.0146276595747 0.0
2066 3109.0159574468084 0.0
2067 3098.034199726402 0.0
2068 3097.037552155772 0.0
2069 3098.0228494623657 0.0
2070 3098.0201612903224 0.0
2071 3106.0271739130435 0.0
2072 3106.0326530612247 0.0
2073 3106.0371389270977 0.0
2074 3101.01059602649 0.0
2075 3117.023066485753 0.0
2076 3055.006596306069 0.0
2077 3055.0026246719162 0.0
2078 3117.02868852459 0.0
2079 3101.018918918919 0.0
2080 3101.01610738255 0.0
2081 3101.0147255689426 0.0
2082 3101.0216216216218 0.0
2083 3101.02868852459 0.0
2084 3101.0301783264745 0.0
2085 3102.0229110512128 0.0
2086 3058.011968085106 0.0
2087 3109.0133511348463 0.0
2088 3086.0119205298015 0.0
2089 3086.0146471371504 0.0
2090 3100.0256756756758 0.0
2091 3117.0079575596815 0.0
2092 3117.016129032258 0.0
2093 3117.0174496644295 0.0
2094 3109.0106100795756 0.0
2095 3108.01059602649 0.0
2096 3105.0243243243244 0.0
2097 3105.024423337856 0.0
2098 3105.030054644809 0.0
2099 3105.0287277701777 0.0
2100 3097.0065876152835 0.0
2101 3097.009247027741 0.0
2102 3098.0132978723404 0.0
2103 3105.0174496644295 0.0
2104 3105.01610738255 0.0
2105 3105.016129032258 0.0
2106 3105.0106382978724 0.0
2107 3105.011968085106 0.0
2108 3105.010652463382 0.0
2109 3105.012048192771 0.0
2110 3105.0093209054594 0.0
2111 3105.0093209054594 0.0
2112 3105.020325203252 0.0
2113 3105.027397260274 0.0
2114 3105.01610738255 0.0
2115 3079.011968085106 0.0
2116 3079.0133333333333 0.0
2117 3079.010624169987 0.0
2118 3072.01059602649 0.0
2119 3072.0160427807486 0.0
2120 3074.0079155672825 0.0
2121 3074.0119205298015 0.0
2122 3073.0133333333333 0.0
2123 3072.0119363395224 0.0
2124 3071.018766756032 0.0
2125 3071.016 0.0
2126 3070.0174262734586 0.0
2127 3071.0039421813403 0.0
2128 3069.0026281208934 0.0
2129 3069.006605019815 0.0
2130 3069.0039421813403 0.0
2131 3069.0013106159895 0.0
2132 3068.0119363395224 0.0
2133 3068.0174029451136 0.0
2134 3072.006596306069 0.0
2135 3086.0065876152835 0.0
2136 3093.0133511348463 0.0
2137 3093.0092838196288 0.0
2138 3083.011952191235 0.0
2139 3083.0106382978724 0.0
2140 3065.0039421813403 0.0
2141 3091.0066225165565 0.0
2142 3091.0039421813403 0.0
2143 3089.00796812749 0.0
2144 3089.0079575596815 0.0
2145 3078.0133511348463 0.0
2146 3077.0106382978724 0.0
2147 3057.009247027741 0.0
2148 3056.0159574468084 0.0
2149 3089.0066137566137 0.0
2150 3086.0026315789473 0.0
2151 3085.0039421813403 0.0
2152 3085.0052770448547 0.0
2153 3061.010624169987 0.0
2154 3092.0052700922265 0.0
2155 3105.018766756032 0.0
2156 3105.0159574468084 0.0
2157 3104.0174262734586 0.0
2158 3102.0173564753004 0.0
2159 3101.0284167794316 0.0
2160 3100.037396121884 0.0
2161 3101.017333333333 0.0
2162 3101.014608233732 0.0
2163 3101.0132625994693 0.0
2164 3090.0133333333333 0.0
2165 3091.007926023778 0.0
2166 3090.0146471371504 0.0
2167 3090.0119205298015 0.0
2168 3090.006596306069 0.0
2169 3091.0026281208934 0.0
2170 3088.0065876152835 0.0
2171 3087.0079365079364 0.0
2172 3078.0133333333333 0.0
2173 3078.0065876152835 0.0
2174 3076.0133333333333 0.0
2175 3076.0160857908845 0.0
2176 3078.0146276595747 0.0
2177 3078.027100271003 0.0
2178 3079.0160213618155 0.0
2179 3112.03146374829 0.0
2180 3113.015978695073 0.0
2181 3113.0160857908845 0.0
2182 3113.0147849462364 0.0
2183 3077.0066137566137 0.0
2184 3076.0146471371504 0.0
2185 3077.0079365079364 0.0
2186 3068.0079155672825 0.0
2187 3067.009271523179 0.0
2188 3067.0065876152835 0.0
2189 3067.007926023778 0.0
2190 3067.009259259259 0.0
2191 3067.0106100795756 0.0
2192 3067.014705882353 0.0
2193 3067.014745308311 0.0
2194 3068.009259259259 0.0
2195 3080.009259259259 0.0
2196 3079.0066137566137 0.0
2197 3078.0106382978724 0.0
2198 3081.003947368421 0.0
2199 3082.007926023778 0.0
2200 3110.009247027741 0.0
2201 3109.011952191235 0.0
2202 3106.0242261103635 0.0
2203 3083.0079155672825 0.0
2204 3082.0106100795756 0.0
2205 3072.007926023778 0.0
2206 3071.001312335958 0.0
2207 3068.0257452574524 0.0
2208 3068.020080321285 0.0
2209 3067.0327421555253 0.0
2210 3067.0228494623657 0.0
2211 3067.0119363395224 0.0
2212 3065.007926023778 0.0
2213 3064.0228187919465 0.0
2214 3065.0174029451136 0.0
2215 3067.01059602649 0.0
2216 3071.0066137566137 0.0
2217 3072.0133155792278 0.0
2218 3075.0026350461135 0.0
2219 3075.0066225165565 0.0
2220 3075.010624169987 0.0
2221 3075.0133155792278 0.0
2222 3092.009271523179 0.0
2223 3063.0119363395224 0.0
2224 3062.0119363395224 0.0
2225 3061.0133333333333 0.0
2226 3061.009259259259 0.0
2227 3061.011952191235 0.0
2228 3061.0132978723404 0.0
2229 3067.0079155672825 0.0
2230 3084.0065876152835 0.0
2231 3094.0013106159895 0.0
2232 3095.0013106159895 0.0
2233 3094.0013106159895 0.0
2234 3092.0013106159895 0.0
2235 3091.011984021305 0.0
2236 3093.0039421813403 0.0
2237 3060.0079155672825 0.0
2238 3060.010582010582 0.0
2239 3061.0026246719162 0.0
2240 3065.0052770448547 0.0
2241 3066.0106100795756 0.0
2242 3067.0106100795756 0.0
2243 3068.011968085106 0.0
2244 3073.009271523179 0.0
2245 3073.009259259259 0.0
2246 3072.0092838196288 0.0
2247 3069.007926023778 0.0
2248 3067.037037037037 0.0
2249 3067.0355677154585 0.0
2250 3070.0092838196288 0.0
2251 3070.0187919463087 0.0
2252 3071.0119205298015 0.0
2253 3071.0092838196288 0.0
2254 3100.013368983957 0.0
2255 3082.003947368421 0.0
2256 3076.0079155672825 0.0
2257 3075.014705882353 0.0
2258 3076.01059602649 0.0
2259 3088.0026246719162 0.0
2260 3087.001312335958 0.0
2261 3084.011984021305 0.0
2262 3106.0241610738253 0.0
2263 3109.003947368421 0.0
2264 3109.00395256917 0.0
2265 3106.027027027027 0.0
2266 3109.003963011889 0.0
2267 3105.024523160763 0.0
2268 3109.0106666666666 0.0
2269 3109.0093457943926 0.0
2270 3110.0132802124836 0.0
2271 3095.0066225165565 0.0
2272 3093.0173796791446 0.0
2273 3093.016 0.0
2274 3093.0132802124836 0.0
2275 3093.01059602649 0.0
2276 3100.013368983957 0.0
2277 3101.016 0.0
2278 3101.0258152173915 0.0
2279 3090.0243243243244 0.0
2280 3090.0256064690025 0.0
2281 3090.0284938941654 0.0
2282 3090.0272108843537 0.0
2283 3091.0146471371504 0.0
2284 3093.0065876152835 0.0
2285 3093.0106100795756 0.0
2286 3093.014705882353 0.0
2287 3094.0092838196288 0.0
2288 3094.0065876152835 0.0
2289 3093.003947368421 0.0
2290 3092.003957783641 0.0
2291 3086.011968085106 0.0
2292 3092.010624169987 0.0
2293 3091.0174262734586 0.0
2294 3091.015978695073 0.0
2295 3091.0119205298015 0.0
2296 3091.0079155672825 0.0
2297 3091.0052631578947 0.0
2298 3089.0174262734586 0.0
2299 3089.0132625994693 0.0
2300 3101.0119205298015 0.0
2301 3100.0106382978724 0.0
2302 3099.0132625994693 0.0
2303 3098.0256064690025 0.0
2304 3097.0459610027856 0.0
2305 3097.0416666666665 0.0
2306 3097.014705882353 0.0
2307 3095.0366350067843 0.0
2308 3094.051388888889 0.0
2309 3093.0450070323486 0.0
2310 3093.0284938941654 0.0
2311 3093.024291497976 0.0
2312 3092.0160857908845 0.0
2313 3092.010624169987 0.0
2314 3093.0119205298015 0.0
2315 3097.0200267022697 0.0
2316 3097.0354706684857 0.0
2317 3083.0079365079364 0.0
2318 3097.0284167794316 0.0
2319 3086.0132978723404 0.0
2320 3093.0119363395224 0.0
2321 3092.0119205298015 0.0
2322 3092.0013106159895 0.0
2323 3092.0013106159895 0.0
2324 3091.0013106159895 0.0
2325 3090.0119205298015 0.0
2326 3089.0201612903224 0.0
2327 3089.0201072386058 0.0
2328 3089.0146471371504 0.0
2329 3089.0119363395224 0.0
2330 3101.03591160221 0.0
2331 3101.0371900826444 0.0
2332 3101.038514442916 0.0
2333 3101.0357634112793 0.0
2334 3101.0358126721762 0.0
2335 3101.0415512465374 0.0
2336 3101.0272108843537 0.0
2337 3101.014745308311 0.0
2338 3090.0243902439024 0.0
2339 3091.009247027741 0.0
2340 3090.0133155792278 0.0
2341 3093.00395256917 0.0
2342 3089.0066312997346 0.0
2343 3085.0013106159895 0.0
2344 3083.016 0.0
2345 3085.0039421813403 0.0
2346 3085.0174029451136 0.0
2347 3085.0257452574524 0.0
2348 3087.0132625994693 0.0
2349 3087.0241610738253 0.0
2350 3087.035519125683 0.0
2351 3087.03698630137 0.0
2352 3087.036834924966 0.0
2353 3087.041095890411 0.0
2354 3093.018766756032 0.0
2355 3093.0229419703105 0.0
2356 3102.0214765100673 0.0
2357 3102.0214765100673 0.0
2358 3102.0228802153433 0.0
2359 3103.0079155672825 0.0
2360 3102.0146666666665 0.0
2361 3089.0132978723404 0.0
2362 3097.02170963365 0.0
2363 3097.0188172043013 0.0
2364 3097.0132978723404 0.0
2365 3097.009308510638 0.0
2366 3094.0504201680674 0.0
2367 3093.0274348422495 0.0
2368 3086.0286103542235 0.0
2369 3091.009259259259 0.0
2370 3086.015978695073 0.0
2371 3085.009271523179 0.0
2372 3084.016064257028 0.0
2373 3084.0188172043013 0.0
2374 3089.011968085106 0.0
2375 3089.0132625994693 0.0
2376 3089.0299727520437 0.0
2377 3089.049365303244 0.0
2378 3089.03305785124 0.0
2379 3086.0343406593406 0.0
2380 3085.031636863824 0.0
2381 3085.031680440771 0.0
2382 3085.027397260274 0.0
2383 3085.028846153846 0.0
2384 3086.03125 0.0
2385 3090.032564450475 0.0
2386 3090.0296495956873 0.0
2387 3089.0147255689426 0.0
2388 3088.0092838196288 0.0
2389 3088.010680907877 0.0
2390 3088.005298013245 0.0
2391 3086.0284938941654 0.0
2392 3085.025850340136 0.0
2393 3085.012016021362 0.0
2394 3083.0173564753004 0.0
2395 3084.0052700922265 0.0
2396 3084.01059602649 0.0
2397 3083.0106382978724 0.0
2398 3085.0187416331996 0.0
2399 3085.0371389270977 0.0
2400 3098.0283018867926 0.0
2401 3097.032967032967 0.0
2402 3096.0079155672825 0.0
2403 3094.018666666667 0.0
2404 3091.014608233732 0.0
2405 3090.0243243243244 0.0
2406 3086.0445682451254 0.0
2407 3087.017333333333 0.0
2408 3088.009259259259 0.0
2409 3089.009247027741 0.0
2410 3089.011952191235 0.0
2411 3089.011952191235 0.0
2412 3089.010624169987 0.0
2413 3089.0079470198675 0.0
2414 3087.0241935483873 0.0
2415 3074.0119363395224 0.0
2416 3073.0052770448547 0.0
2417 3072.009247027741 0.0
2418 3073.0065876152835 0.0
2419 3075.0039421813403 0.0
2420 3075.0106382978724 0.0
2421 3075.0160213618155 0.0
2422 3075.018766756032 0.0
2423 3075.0173796791446 0.0
2424 3075.01059602649 0.0
2425 3074.009259259259 0.0
2426 3073.009271523179 0.0
2427 3073.009259259259 0.0
2428 3072.018766756032 0.0
2429 3072.0187416331996 0.0
2430 3072.0201612903224 0.0
2431 3073.0119205298015 0.0
2432 3085.0173564753004 0.0
2433 3085.0093457943926 0.0
2434 3082.0200267022697 0.0
2435 3085.010652463382 0.0
2436 3085.0201612903224 0.0
2437 3085.024291497976 0.0
2438 3085.021505376344 0.0
2439 3084.016129032258 0.0
2440 3076.016 0.0
2441 3077.0039421813403 0.0
2442 3079.0092838196288 0.0
2443 3079.020134228188 0.0
2444 3079.027063599459 0.0
2445 3079.024291497976 0.0
2446 3088.009259259259 0.0
2447 3077.0187416331996 0.0
2448 3076.024258760108 0.0
2449 3076.014608233732 0.0
2450 3076.011968085106 0.0
2451 3077.0174496644295 0.0
2452 3081.0026281208934 0.0
2453 3081.0079787234044 0.0
2454 3081.0079470198675 0.0
2455 3080.0092838196288 0.0
2456 3080.011968085106 0.0
2457 3080.018766756032 0.0
2458 3080.0132625994693 0.0
2459 3079.029891304348 0.0
2460 3078.035714285714 0.0
2461 3078.020080321285 0.0
2462 3077.01059602649 0.0
2463 3067.025641025641 0.0
