-230.4857937468226 1622.395309211286 0
-230.27683136014983 1622.3982019019656 0
-230.0681170636586 1622.4027254804823 0
-229.85872493859796 1622.4028097662906 0
-229.8031142127869 1623.4125317637959 0
-229.59423150994053 1623.41678641244 0
-230.48190576062817 1630.6314252129566 0
-230.27233382113698 1630.637043176469 0
-230.06190742618088 1630.637043176469 0
-228.755675885611 1623.4139345069843 0
-228.390919061604 1622.3898057083363 0
-228.02490921810409 1621.3557000298047 0
-227.81563026776618 1621.355674649642 0
-227.60593803953466 1621.3529157549326 0
-227.3962541044248 1621.3502072266433 0
-227.343480732259 1622.387013503213 0
-227.13493910254266 1622.392724791721 0
-226.9251027121706 1622.3898537898665 0
-227.49410161658426 1627.5590612083704 0
-227.28222259387258 1627.5468696638845 0
-226.91639157815132 1626.510657998769 0
-226.5508481606766 1625.4746238799505 0
-226.3402127121943 1625.4689643010795 0
-226.1306322458218 1625.4703301662403 0
-225.9210600812804 1625.4717536966202 0
-225.71128059778195 1625.4717948557707 0
-225.65628325611016 1626.5065052925142 0
-226.5274405387293 1633.7384075550353 0
-226.47370433978756 1634.789941159838 0
-226.42287768284027 1635.8626901699643 0
-226.51801689178745 1637.915914358434 0
-226.46308727632436 1638.9654409753869 0
-226.25058545829813 1638.9584419943671 0
-225.57607855981468 1635.8458829630154 0
-225.21153855355382 1634.8133805582072 0
-223.15644760695432 1622.3939333322865 0
-224.17145718180893 1630.64707752663 0
-222.88820855394903 1623.4097771826562 0
-223.75145869557738 1630.6528618364164 0
-223.69357589801692 1631.6835649437373 0
-223.48453608593687 1631.6938193424523 0
-223.27510760127007 1631.7014604415015 0
-224.1364058412864 1638.9612091978786 0
-223.92474066310066 1638.9598128008317 0
-223.712057967256 1638.9515113301889 0
-222.8896052775157 1634.802899635103 0
-222.6782516982188 1634.8001108567744 0
-222.46665071116394 1634.7956345725652 0
-222.2550783822946 1634.7913458162725 0
-222.19681637049356 1635.8315743662279 0
-223.2135036316934 1644.202616668895 0
-223.15549978479623 1645.2541075180807 0
-222.94346325808462 1645.2554973580407 0
-221.9632648985037 1640.006437735651 0
-222.672677112039 1646.306826147392 0
-222.15420051638648 1644.2111384475302 0
-221.79053008738785 1643.172597106477 0
-221.58081067377557 1643.1881127657184 0
-221.5216741633811 1644.23725924091 0
-221.30961017955 1644.2376018945633 0
-221.09556420432838 1644.2243176454372 0
-221.18588350097272 1646.3054584714062 0
-220.67380649233093 1644.241307503632 0
-220.7611413850453 1646.305451109003 0
-220.5489749653678 1646.3068591913507 0
-219.42606634398228 1640.0193360576561 0
-219.213019610986 1640.0092707154495 0
-219.4576792504064 1643.165322622929 0
-219.39654873636414 1644.209658941792 0
-219.7940019570269 1648.433037772699 0
-219.58136386096714 1648.4330133048527 0
-218.7602174251879 1644.209658941792 0
-218.39754070395992 1643.1636946484966 0
-218.03349537244287 1642.1063838743432 0
-217.82102964492677 1642.102095020328 0
-217.60837433581867 1642.096478290056 0
-217.10225565885537 1640.045021641688 0
-216.88846034417253 1640.0296594289853 0
-216.67497476964544 1640.0164336828586 0
-216.46235749756775 1640.0092541147335 0
-216.25116826952518 1640.0120522622028 0
-218.30500301256234 1655.871165092908 0
-218.2428812944598 1656.932010518083 0
-218.0293989104414 1656.933462393351 0
-217.66453999452298 1655.8726410001973 0
-217.60180939120477 1656.93198581463 0
-217.38896225201265 1656.9379069877727 0
-217.17464414305397 1656.9334891396654 0
-217.10999119089166 1657.9829770615302 0
-216.896171268522 1657.9829770615302 0
-216.3845141352749 1655.881966279246 0
-216.16923001207775 1655.8697867563337 0
-215.95360042596994 1655.8551445544006 0
-215.43793509669527 1653.7182786592432 0
-214.9290993630102 1651.625905815592 0
-214.71352541569033 1651.607885117593 0
-214.05306765378387 1648.434449380433 0
-213.6918047156579 1647.3793091895486 0
-213.47971361871367 1647.3822416153075 0
-213.26760458979618 1647.3850516884795 0
-213.05596781047745 1647.391228242086 0
-214.33192419926544 1657.9943163366395 0
-214.11830406794292 1657.9957506750031 0
-214.05296470846446 1659.0551997767432 0
-213.99135811419282 1660.143158623824 0
-215.43578990712007 1671.996020599503 0
-215.67503818397807 1675.2487168888422 0
-215.45907456214513 1675.2487168888422 0
-215.09111947261422 1674.1597958160667 0
-213.66957828110512 1665.513019436883 0
-213.45669338505925 1665.5264423036442 0
-213.24150308639318 1665.5233248277127 0
-212.87847085965993 1664.456998224053 0
-212.6647282231527 1664.4633396492964 0
-212.5972404413041 1665.5233639281482 0
-212.38272614958365 1665.5251070274476 0
-212.46353588739592 1667.6582088016967 0
-212.39936902057974 1668.7478622044187 0
-211.7378242866875 1665.5205294361012 0
-211.5220342901687 1665.5130444460538 0
-211.30587281601996 1665.502855327027 0
-210.794751210273 1663.3542349577253 0
-210.5798625761059 1663.3513184852163 0
-210.21863023132687 1662.285477137232 0
-210.00448109351544 1662.286966737215 0
-209.78891889622437 1662.2781770681906 0
-209.57397677365304 1662.273887483938 0
-211.5911754312219 1678.5379624388208 0
-211.37541557703045 1678.5424279070696 0
-211.15863333708376 1678.539437906441 0
-210.79208872772227 1677.4421499961452 0
-210.12864496807543 1674.1713422454168 0
-209.3200607635412 1669.8317252680413 0
-208.95955987862664 1668.767597399168 0
-208.7454659264949 1668.7754082776376 0
-208.53007205257467 1668.7736898259207 0
-208.3136455428441 1668.7643800698686 0
-208.0993413165005 1668.77066283105 0
-207.8848345881292 1668.7754663014884 0
-207.8136184795241 1669.8361055005282 0
-207.45280171939223 1668.76283066942 0
-207.23702960908153 1668.758299086537 0
-207.02208848275686 1668.7598991633129 0
-206.80693544394063 1668.7599349618329 0
-206.5913638768495 1668.7568727197138 0
-206.3746029914888 1668.7449929532274 0
-206.0140701847823 1667.666863372067 0
-208.00182121366592 1684.0151752914662 0
-206.90044193078285 1677.446617929638 0
-206.83219229485644 1678.5469078983344 0
-207.49763674691673 1685.108778222233 0
-207.2804490523662 1685.1087820165674 0
-206.7731542839118 1682.9461171161274 0
-206.9951824290477 1686.2213455159228 0
-206.92621470915293 1687.3293051388216 0
-206.70915669033215 1687.3323399892759 0
-206.49128953416317 1687.3293265905138 0
-205.10121103742736 1678.5469413491699 0
-204.73889751146618 1677.4527754377666 0
-204.52203086511747 1677.4480528130784 0
-206.0632149205911 1690.646910179768 0
-205.84433481838846 1690.6393640447284 0
-205.33618984365296 1688.4555180986908 0
-204.97293913126066 1687.358680245669 0
-204.17029728731515 1682.9474593825767 0
-203.80642125046498 1681.8385539638318 0
-203.58904070150118 1681.8340333235822 0
-203.37305499575606 1681.8400493201173 0
-203.15794087217995 1681.852672046089 0
-203.0857280031294 1682.9476827122721 0
-203.45047331629723 1687.3572238309696 0
-203.51901516099704 1689.527320317603 0
-203.30185982685364 1689.5317381857578 0
-203.08412222324338 1689.531738185758 0
-202.58001879516834 1687.3527757613083 0
-202.64826046235447 1689.528794178186 0
-202.43149460538118 1689.5361992580122 0
-201.20149718906092 1681.8115394695549 0
-200.55882614073556 1678.5580393964055 0
-200.34062792289134 1678.5440945748076 0
-200.26546045682255 1679.6248751049643 0
-201.05528928681545 1687.3339251668713 0
-201.41618255755765 1691.7680843371206 0
-201.77645093913597 1696.2054830551435 0
-201.41458707160663 1695.1048971720675 0
-201.1971838016461 1695.1127901485174 0
-200.97854864633317 1695.111218591096 0
-200.7586841326583 1695.1001747922958 0
-200.5392640184314 1695.0925361371626 0
-199.88867292676454 1691.757265793973 0
-199.52912362620665 1690.663849899384 0
-199.3106293150389 1690.6590858589723 0
-199.09155025840386 1690.649786524267 0
-198.7299499872599 1689.536230745594 0
-198.51201770407852 1689.534725247026 0
-199.01046846766837 1695.0941145093373 0
-198.93546832644026 1696.208468586656 0
-199.14752734079522 1699.557252460129 0
-198.92873413902709 1699.5587307304384 0
-198.70993698595362 1699.5601810768765 0
-198.34598897371987 1698.429606963083 0
-198.12657572064325 1698.425155307427 0
-197.6242722762284 1696.2100805455416 0
-197.4062940082056 1696.2146876970994 0
-197.18753836587584 1696.2132171453898 0
-196.9697624902537 1696.2194225528017 0
-196.75138172436434 1696.220894669267 0
-196.53201858975902 1696.214655419798 0
-196.312675780418 1696.2085637473976 0
-196.09314553984177 1696.2009854471255 0
-195.73308219815556 1695.0865762912204 0
-195.65601502069546 1696.2009990870738 0
-195.71986886731835 1698.429575750606 0
-195.64378229327826 1699.55713275034 0
-195.5664528622305 1700.677052247642 0
-196.62826962068468 1710.8129744726853 0
-196.1232494625782 1708.5586313946396 0
-195.90256314933129 1708.5539959666526 0
-195.68170249750528 1708.5479678735578 0
-195.31883393327345 1707.4138510219357 0
-194.81875973375273 1705.1864095520773 0
-194.59845142856452 1705.1814287308705 0
-194.24041868570188 1704.0790621092813 0
-194.02065174859814 1704.0772917142428 0
-193.80006514988392 1704.0689737824025 0
-193.58010381629782 1704.0656362862558 0
-193.36036842814 1704.0640996471088 0
-193.1402298155516 1704.0593310714373 0
-192.9197052882232 1704.051459649054 0
-194.53603631787115 1718.7795524174624 0
-194.45673436126694 1719.9202457031654 0
-194.23540925323738 1719.921761477053 0
-193.87191907059355 1718.7795404653714 0
-193.5096663315371 1717.6449718649774 0
-193.28824358463845 1717.643425258186 0
-193.0662498486254 1717.637267870955 0
-191.86102234401267 1709.688140559183 0
-192.06123610469623 1713.088323171131 0
-192.68671230835466 1719.9371419674167 0
-192.74655832664033 1722.2166181445455 0
-192.52475917424695 1722.2166181445455 0
-192.30354071474892 1722.2213320618214 0
-191.66149399769577 1718.8063101454811 0
-191.85992864994884 1722.2212296683456 0
-191.63755564327508 1722.2165617877852 0
-191.2749049237304 1721.068517313846 0
-191.05231346911503 1721.0608884237233 0
-190.5520885726428 1718.7856523050464 0
-190.33015450648116 1718.7810623661699 0
-189.97130902907205 1717.6559150693747 0
-189.7496885421189 1717.652734342289 0
-189.5276903236956 1717.6464492579312 0
-189.3062657052868 1717.6448603872707 0
-189.0844774598331 1717.640279979534 0
-188.86324909598605 1717.6402960227524 0
-189.19891451977975 1722.2260266508822 0
-188.9786666175019 1722.238822475922 0
-188.89673502549925 1723.3928729911252 0
-188.6757939608654 1723.4011677788644 0
-188.4538553933811 1723.4012325389945 0
-188.09288594241835 1722.250632722602 0
-187.8710900730313 1722.250694952576 0
-187.7872024944913 1723.3944845048638 0
-187.56486314785 1723.3912154256586 0
-187.20405272353642 1722.2371720375638 0
-186.8434616175113 1721.0825394035423 0
-186.6210399290777 1721.0761809001951 0
-186.26127409463277 1719.9248050464255 0
-185.9036372377821 1718.788781262686 0
-185.54479243495325 1717.640279979534 0
-185.0529713288397 1715.3772130725336 0
-184.96660763237958 1716.5039923431652 0
-186.1185411336813 1728.009751925533 0
-185.8955962664169 1728.006182533945 0
-185.67366734840317 1728.0111360052877 0
-185.44974859028494 1727.9993748794975 0
-185.09097203621937 1726.852887130575 0
-184.86679783659318 1726.8377366837253 0
-184.6438655885234 1726.83302636093 0
-184.42110900491386 1726.8297888747034 0
-184.19835101240065 1726.8265326822689 0
-183.97636376041245 1726.8297888747034 0
-185.39935857412902 1740.7596865114397 0
-185.1750707890464 1740.7581341195962 0
-184.8127005584364 1739.585235462698 0
-183.6338051260168 1731.4752824972038 0
-183.40926832377127 1731.4617923898586 0
-183.18574626284254 1731.456910516076 0
-182.96203234824168 1731.4503836410977 0
-182.73985475004838 1731.456946735982 0
-183.1982171098679 1737.2739277278922 0
-182.97493124832152 1737.277220545067 0
-182.74992799413127 1737.2658270316838 0
-182.52721865863342 1737.2740560192485 0
-182.30492879120604 1737.2858990064658 0
-182.48673694584778 1740.7660204628246 0
-182.26299196580823 1740.7691168300923 0
-182.1756377535406 1741.9452716804958 0
-182.35850980201243 1745.4504000236927 0
-182.13437005896688 1745.4551243727292 0
-181.77214055248646 1744.268453000039 0
-181.54796328794865 1744.2715939686764 0
-181.45957506955946 1745.4488170350646 0
-181.9177426767479 1751.3589514465173 0
-181.011472806944 1745.4598488455358 0
-181.33049836788348 1750.1759225843543 0
-181.10580076087703 1750.1809413276237 0
-181.01736078060628 1751.370330424354 0
-180.79062359105896 1751.3589053899386 0
-180.97280857810662 1754.909372774342 0
-180.74712520387476 1754.9109509476993 0
-180.52107554417535 1754.9093351988204 0
-180.15895043550617 1753.7185925014671 0
-179.66315472102733 1751.3557986698058 0
-179.43718241660568 1751.350982179182 0
-178.94117147261284 1748.9784578138997 0
-178.58302759718418 1747.810850724305 0
-178.49144878790457 1748.98312116204 0
-178.2665028200838 1748.9847160411678 0
-178.17735505159305 1750.1822221849986 0
-177.95302867923695 1750.1905977042702 0
-177.8625246810896 1751.38005911211 0
-177.63791550051883 1751.3872704582056 0
-177.81293189839133 1754.9290463786142 0
-177.5874308069514 1754.932284499909 0
-177.3619398907928 1754.9356199534866 0
-177.13532253855317 1754.9289671855724 0
-176.9088775205793 1754.9238306362663 0
-176.55081635027918 1753.7481715013373 0
-176.325267998763 1753.74969911566 0
-176.09860463159256 1753.741291770691 0
-175.87123523927835 1753.726565839446 0
-175.64444666797016 1753.7169956552843 0
-175.02277068031972 1750.1758298486363 0
-174.79767937812898 1750.177480022828 0
-174.57240356590387 1750.177480022828 0
-174.87571109092255 1754.9205021095438 0
-175.71209047449446 1764.4614660099223 0
-175.48521493592858 1764.4630581259742 0
-175.25816212280117 1764.4630581259742 0
-175.03075572320498 1764.4598718592704 0
-174.27659864345242 1759.7044396596093 0
-172.99458665612138 1750.1694738839196 0
-172.76827109431753 1750.160061225372 0
-172.2842514281174 1747.8172345373002 0
-173.36856033124047 1759.6845466446546 0
-173.27364446273535 1760.8780343510132 0
-173.44191537505208 1764.4646544511086 0
-173.0825714377192 1763.2617419847186 0
-172.8558441302622 1763.2633446620441 0
-172.62876655160858 1763.2617587228494 0
-172.53477132922208 1764.474398670496 0
-172.30825485016038 1764.4793105178578 0
-172.21291646953551 1765.6837845326602 0
-171.98701878518048 1765.6957497881986 0
-171.75888580781384 1765.687255433932 0
-171.39931761225486 1764.472723184134 0
-170.9114100151242 1762.0763756242116 0
-170.55804359771307 1760.9118903096335 0
-170.33121555101386 1760.9098920513447 0
-170.1036519696103 1760.9011086245232 0
-169.74892640079182 1759.718692924695 0
-169.52114586773854 1759.7065152680493 0
-171.37924603225306 1778.9864992788052 0
-171.150746647663 1778.9898368331487 0
-170.92189152601907 1778.9898848960593 0
-170.69267476466243 1778.9865772994197 0
-170.4631027123312 1778.9799613845757 0
-169.71310776846727 1774.132763938018 0
-169.35274968838473 1772.9025602293934 0
-168.73652295626007 1769.2837937359386 0
-168.3790011931115 1768.0714662072332 0
-168.02298207774194 1766.8703357115164 0
-167.7952845513002 1766.867105457828 0
-167.31165963195807 1764.4662992879432 0
-167.468652274279 1768.0682592222286 0
-167.7560325164204 1772.902585560746 0
-168.30679617630128 1780.223247714758 0
-168.33559318628878 1782.64906336533 0
-168.23644702771654 1783.8752606278397 0
-167.87767977410525 1782.6558345033425 0
-167.77804337471252 1783.8802924472184 0
-167.54787391710073 1783.87367008068 0
-167.31806012307658 1783.8703982125799 0
-166.57354812179088 1778.989909024286 0
-166.3446801965098 1778.9898368331483 0
-165.98756298595669 1777.7715507791618 0
-165.7590309410929 1777.7732308260458 0
-165.6575748610993 1778.9848437853727 0
-166.45734392848652 1788.7893616704562 0
-166.2276082506348 1788.7926461423608 0
-165.997175949016 1788.7892832614461 0
-165.6373832063586 1787.548588045298 0
-165.02372677293704 1783.8736874382864 0
-164.41373929401948 1780.224951338456 0
-164.1843582791854 1780.2214278564975 0
-163.95463895072055 1780.214644042805 0
-164.10568328396977 1783.872040637026 0
-164.3869759464435 1788.7927430036395 0
-164.1577700130294 1788.801176513886 0
-163.79849173064278 1787.5535341156028 0
-163.56822282826258 1787.5502194117819 0
-163.3381293087325 1787.5485944764373 0
-163.23536937648575 1788.7810641075212 0
-162.62782775198454 1785.11825131061 0
-162.39732595959742 1785.109712922733 0
-162.16736140277612 1785.1063798689638 0
-161.81117890032965 1783.873739789565 0
-161.58204678881097 1783.8770161127577 0
-161.4779862125986 1785.101394058856 0
-161.24939092466 1785.1114191727102 0
-161.01993684555563 1785.113063859852 0
-160.78979644557504 1785.1079874578043 0
-160.43591155301004 1783.888860692247 0
-160.3298818006144 1785.101394058856 0
-160.10009196070456 1785.0997324034547 0
-159.7476702384426 1783.8905210761072 0
-161.52524516986847 1803.6746599948774 0
-160.91578987302478 1799.9492530067998 0
-160.55812653027766 1798.7023757852774 0
-160.32611078669336 1798.69543162007 0
-159.96840432190115 1797.443478366943 0
-159.4871016706886 1794.9625947787129 0
-159.1325209229835 1793.7338881695593 0
-158.90198982133958 1793.7355210378541 0
-158.67128849467775 1793.735463351171 0
-158.44110542805726 1793.740571236466 0
-158.20955845520538 1793.7320802989288 0
-157.85371916752146 1792.481598689377 0
-157.256381161723 1788.81170080161 0
-157.0257714587266 1788.8064209384213 0
-156.7956937740689 1788.8064643168702 0
-156.68761430554864 1790.0317304504954 0
-156.82456543863367 1793.723811331363 0
-158.08099229819865 1808.6931790344604 0
-157.84944801187316 1808.703390851495 0
-157.61757313813973 1808.710292710359 0
-157.50937115166477 1809.9666224489215 0
-157.2764892084931 1809.9649458311653 0
-156.92005801185263 1808.7119554404574 0
-156.6868051162201 1808.7049285591395 0
-156.3303289827576 1807.4466930362303 0
-156.09692564263608 1807.436517051055 0
-155.98879731754292 1808.7015641738062 0
-155.6341471381937 1807.457145279344 0
-155.52608418379137 1808.7261001085353 0
-155.41696671936566 1809.9874804533852 0
-155.55116690948108 1813.7413501921494 0
-155.31898382008077 1813.7516255551138 0
-155.08684475285702 1813.7623786793663 0
-154.97627197653355 1815.0215944159556 0
-154.74292282590804 1815.0215580742195 0
-154.38623678214742 1813.751655202699 0
-154.15303215917928 1813.7514785030817 0
-153.06795455589275 1804.957169397753 0
-153.68616369549642 1813.7463773638851 0
-153.32993698607876 1812.4730107515793 0
-153.097238288506 1812.4764260001853 0
-152.98694813489854 1813.749956169253 0
-152.87648806375464 1815.0249878319203 0
-152.52228583513806 1813.7677681627279 0
-152.4099630353566 1815.0267278162542 0
-152.1781702699365 1815.0429299621592 0
-151.94429640978822 1815.0374412171375 0
-151.58951288492634 1813.767611387433 0
-151.23399534591792 1812.4867566084183 0
-150.9999800374137 1812.4764260001853 0
-150.76630790119472 1812.4696710552935 0
-150.533120988853 1812.467999046117 0
-150.42122364982697 1813.742962033855 0
-150.18919429853807 1813.7551564591718 0
-151.40462052911056 1829.040504290076 0
-151.16919267121855 1829.0369507824928 0
-150.93443471074906 1829.0404741720895 0
-150.69901536505714 1829.0370014106986 0
-150.4639291149367 1829.0370523111012 0
-150.22949471521616 1829.0440260655905 0
-149.99423087196115 1829.0421978493282 0
-149.75848089024478 1829.0351882475368 0
-149.16328806712647 1825.195505570949 0
-148.8086443840228 1823.9138846634655 0
-148.45463473306742 1822.6356015501108 0
-148.2198584206197 1822.6304355301302 0
-147.98508931280725 1822.6253329527437 0
-147.8697111268023 1823.9018477239072 0
-148.35067650668506 1831.591358625116 0
-147.16408505759813 1821.3538454734053 0
-146.81246118461235 1820.0874896521495 0
-146.57832213047953 1820.0857347444291 0
-146.2273345885645 1818.8211130017157 0
-145.99319270476764 1818.8176159760396 0
-145.75937438575852 1818.8176159760399 0
-145.52587832508442 1818.8211130017155 0
-146.58693985468778 1832.8899873373407 0
-146.11434567332617 1830.3114920827136 0
-145.99689547851773 1831.5947467717062 0
-145.99930115036676 1834.1888325529499 0
-146.9527847246828 1847.176745355696 0
-146.8345014173921 1848.4787464944402 0
-146.35902047017447 1845.8729906078086 0
-146.00197566712873 1844.5587233223907 0
-145.17255304051866 1838.0535699139928 0
-144.5839468461106 1834.1782989399744 0
-144.11377370202743 1831.59645646456 0
-143.9955017809389 1832.8882503668412 0
-143.75993103673432 1832.8882503668415 0
-143.29277309131163 1830.3272497375804 0
-143.0583268954695 1830.3361704546458 0
-143.05290880015625 1832.8848128006173 0
-142.93508713813637 1834.1922934913575 0
-142.81664814962627 1835.4965031232941 0
-142.00063973052494 1829.0369255697874 0
-141.7650776723439 1829.031673192069 0
-142.9244230858711 1844.6007732355251 0
-142.68882897948683 1844.6168231796855 0
-142.56706040485508 1845.9071639600506 0
-142.21419302301794 1844.6104066784915 0
-141.97734034906438 1844.6124085495726 0
-141.855514152789 1845.9075170212334 0
-142.3142168323745 1853.740995243463 0
-142.07495850392417 1853.7287121430688 0
-141.49053840919422 1849.8202098199506 0
-141.36876696549916 1851.1304565361752 0
-141.13044382574637 1851.1250251531899 0
-140.77526014566683 1849.7948392332778 0
-140.07681876250683 1844.5639119458797 0
-139.72527270843247 1843.261877807805 0
-139.6024640045388 1844.560446781288 0
-139.3670164773256 1844.5784298637227 0
-139.24575789905953 1845.9002361828898 0
-139.80916558285153 1855.05345375343 0
-139.57022162397942 1855.046449453389 0
-138.9901871731075 1851.1287773583413 0
-138.63790542050947 1849.8147902132662 0
-138.40104861432255 1849.8242489675522 0
-138.1627182051096 1849.8167661851055 0
-137.92375349033597 1849.8019473149313 0
-137.45860123010215 1847.1749623016115 0
-137.1097489462223 1845.8853888784765 0
-136.75970943101058 1844.5783150358982 0
-136.5219089924491 1844.5693436660774 0
-136.28381968233714 1844.556990771773 0
-135.82429963893537 1841.968660356145 0
-135.58729154324513 1841.9650928912554 0
-135.24038233688103 1840.6792588596163 0
-136.23617801289043 1855.0767540975114 0
-135.99784685998887 1855.0767996658665 0
-135.75904632532118 1855.0713461775442 0
-135.40889105344004 1853.7593439167597 0
-135.28177179278282 1855.0642281395483 0
-135.60703765927343 1861.6959442771079 0
-135.36851008456736 1861.7033949545373 0
-135.0171394292835 1860.3792265571658 0
-134.7774627287039 1860.371179371287 0
-134.53815943182585 1860.3675279633644 0
-134.29885418960595 1860.36384270959 0
-134.0592275788256 1860.3563316571506 0
-133.82024021924482 1860.3563980016593 0
-133.58188732103224 1860.364018442628 0
-133.34338661660306 1860.3698991329024 0
-133.1035843526612 1860.3602548336894 0
-132.86382105303667 1860.3510477704235 0
-132.62452573382296 1860.3474182644093 0
-132.38479363760115 1860.3385387712362 0
-131.81703949417317 1856.3889948660328 0
-131.5779425377655 1856.3817951490419 0
-131.23086062929835 1855.0733635213414 0
-130.99222388544877 1855.0697175064654 0
-130.86274261541203 1856.385337249897 0
-132.16430356535815 1875.0239115844588 0
-131.59320448821407 1871.0211473280865 0
-131.35242650174706 1871.015613263605 0
-131.1119508583239 1871.0137378579818 0
-131.0905811455356 1873.6794006620246 0
-130.521340923069 1869.672839949026 0
-130.2816334610148 1869.6782933497743 0
-130.0420890522998 1869.685757660332 0
-129.91124831087885 1871.0248006861887 0
-130.54973767907657 1881.8051598277466 0
-130.30683954402141 1881.7900266560973 0
-129.9551625864437 1880.4364656930127 0
-129.71351272462414 1880.4345653605887 0
-129.47142791371874 1880.4272911777202 0
-128.90244306805346 1876.3791535542996 0
-128.55241966007216 1875.0292434475703 0
-128.09605807018954 1872.3565009208348 0
-127.85498030643359 1872.3491824281186 0
-127.61434568618807 1872.3473534742152 0
-127.37400211204994 1872.349144764889 0
-128.32480887165246 1887.2119336334024 0
-128.0834998880324 1887.224818982069 0
-127.84160667003376 1887.2304336311138 0
-127.59895242797559 1887.2265277610168 0
-127.35646565544033 1887.2247118792086 0
-125.8234607739038 1870.9958168157366 0
-125.58328185228484 1870.9975799532087 0
-125.13194838030807 1868.3355302478217 0
-124.99765213272671 1869.6709891415933 0
-125.39485102982184 1877.7363560236197 0
-125.15383596687707 1877.738181134039 0
-125.12410115346454 1880.4218879476116 0
-124.98964517110946 1881.782678103905 0
-124.74856262764533 1881.790075075817 0
-124.61331772619936 1883.1472768092697 0
-124.37076838387712 1883.1381339404406 0
-123.39022782293866 1873.6865025440152 0
-123.67598370418611 1880.4327233656654 0
-123.4347744282093 1880.4363930643383 0
-123.72149689398816 1887.2267627001418 0
-123.47900378542708 1887.2248189820689 0
-123.76828160861494 1894.0801696168644 0
-123.52569942946008 1894.088104972186 0
-123.1751058097457 1892.6988010315422 0
-121.36209557795607 1872.352812699232 0
-121.12202999711646 1872.358297199718 0
-120.88211284901132 1872.3657296107338 0
-120.74371855584137 1873.6954594842646 0
-120.50278997116189 1873.6918955057567 0
-120.26144991953788 1873.6829434106396 0
-119.71441031282872 1869.672839949026 0
-119.37129471480323 1868.3229769459765 0
-118.8266312657357 1864.321836182247 0
-118.48643025138433 1862.9969991866692 0
-118.24710929224719 1862.997013122721 0
-118.10830382575952 1864.3236036653946 0
-120.53499956274592 1899.559010159245 0
-120.18731945910561 1898.1853138526362 0
-119.94317692384104 1898.1795595761641 0
-118.9773983662151 1888.5912144600666 0
-118.6318847128566 1887.2210801254514 0
-118.28684927391244 1885.8527367325876 0
-117.94408692835262 1884.5101497829482 0
-117.70208090361712 1884.5101156603475 0
-117.56087835863573 1885.859989788958 0
-117.31982411427116 1885.874979718952 0
-117.17851692410346 1887.2302275089635 0
-117.75080236501857 1898.1929487092787 0
-117.60816273237529 1899.555236138414 0
-117.6718505378558 1903.7076413007783 0
-117.53000768959463 1905.0944832910504 0
-117.18193468481454 1903.6924461635383 0
-115.92447823204678 1889.9448637928892 0
-115.58222920855981 1888.591246104637 0
-115.34026779953078 1888.5987475668346 0
-115.69858692833611 1896.7943583075066 0
-115.55698704236467 1898.18706394458 0
-116.53004733292124 1914.8374784821956 0
-115.47143679106985 1903.6961230274985 0
-115.22623471100765 1903.685049048547 0
-114.68174641681112 1899.5570913462464 0
-114.33816969355223 1898.1832880050652 0
-114.09404681408516 1898.1775638645058 0
-113.85047386136088 1898.1794240513857 0
-113.6069050673594 1898.1813482674345 0
-113.76013602627215 1903.688749832961 0
-113.91608439564493 1909.252546044926 0
-113.6709887127541 1909.2524465310653 0
-113.42589313039865 1909.2523480730677 0
-113.18067247062189 1909.2505019873527 0
-112.93492043007167 1909.241213312259 0
-111.50844958785855 1892.6779539943138 0
-111.26503843999603 1892.67248451243 0
-110.9259412205996 1891.3205655198606 0
-110.77899627383141 1892.67248451243 0
-110.44023822684129 1891.3205946537355 0
-110.19738569475179 1891.3205946537353 0
-109.85824101271317 1889.9560319405032 0
-109.61542327264802 1889.954110677904 0
-109.372351366913 1889.9485679924305 0
-110.87889754399694 1914.8646321862982 0
-108.98235042365302 1891.3095681225675 0
-108.83495479189918 1892.674302834287 0
-109.5556792883224 1906.476060155284 0
-109.21518460592851 1905.1024705631166 0
-108.97033347219791 1905.0984446256657 0
-108.72535910200324 1905.0926300112005 0
-108.48039632983433 1905.0869617561 0
-106.62260202524668 1881.7737173152875 0
-106.19460099815817 1879.0754747228698 0
-105.76791085678039 1876.3863766254603 0
-105.43518081335154 1875.0530521821154 0
-105.28592762828765 1876.386352833221 0
-105.04468762186804 1876.3827176878747 0
-104.80369728073732 1876.3827176878747 0
-104.5627108193799 1876.3827744869163 0
-104.41376249880099 1877.7326989704009 0
-104.17248340512548 1877.730928767881 0
-104.0226654496532 1879.0754512114372 0
-103.7815853175675 1879.0790768548666 0
-103.54025887396905 1879.0790768548666 0
-102.5734958111361 1868.340821272282 0
-102.33375742068452 1868.3445232495378 0
-102.09427222459755 1868.3520010403024 0
-102.2121748671376 1873.6794006620244 0
-101.88244324917477 1872.3510046141885 0
-101.73170315001536 1873.6918766237798 0
-101.4914136111713 1873.6973460220454 0
-104.08808180003591 1916.2323194947426 0
-103.09913486362038 1905.075816351794 0
-102.7627447178556 1903.6943188655498 0
-105.14128370329183 1943.2202369802092 0
-99.58058212640833 1863.0059332564524 0
-99.25437331407343 1861.690452859678 0
-99.10193245689557 1863.005881543678 0
-99.12437470517139 1866.9839467056313 0
-98.88513569512699 1866.9927756419693 0
-98.64602397038963 1867.003579802855 0
-101.90414522304384 1920.4419379806927 0
-101.38290045646467 1916.2379502976098 0
-101.0454679001243 1914.8356323848523 0
-99.00151440557086 1887.21010620032 0
-98.75905779531347 1887.208311898598 0
-98.42860666426454 1885.8491388167142 0
-97.40003071495539 1873.69367749342 0
-97.1598457516739 1873.7009601222915 0
-96.91918767507501 1873.7009290280562 0
-96.67853360591457 1873.7009601222915 0
-96.35217678019079 1872.3658547500038 0
-96.11229407334602 1872.3753288365874 0
-95.87192429759362 1872.377222301801 0
-95.6306998033935 1872.3657296107338 0
-95.38904080600354 1872.347369886552 0
-95.14843972972285 1872.3455809436884 0
-94.90829803658009 1872.3510259975735 0
-94.75282389826076 1873.6936774934202 0
-94.51205492934412 1873.6918766237798 0
-94.27106031363098 1873.6864908669902 0
-93.86137975557236 1871.001110883477 0
-93.45362096954986 1868.3355541015787 0
-93.2135189336955 1868.3337245775333 0
-93.05686058015914 1869.6655800448466 0
-92.90021304958579 1871.0028972970208 0
-91.99558171217248 1860.3420736146772 0
-91.83886207218463 1861.665105821918 0
-94.5536192665871 1909.2449637503407 0
-94.39486217887514 1910.637799934316 0
-96.88163985522277 1954.7900896119506 0
-91.45796598940738 1870.9975753316178 0
-90.317193720345 1856.3711906122514 0
-90.07848209157898 1856.3676861515748 0
-89.51717380874395 1851.1019680562524 0
-89.1990417913608 1849.7895026053313 0
-88.96125947703464 1849.7877654110152 0
-88.56407962323577 1847.169750885589 0
-88.32694072293646 1847.1732205763863 0
-88.01168923147492 1845.8892976737327 0
-87.85266367453431 1847.180215215716 0
-87.53741859827184 1845.891118468899 0
-87.37796274424367 1847.1802382559986 0
-87.14072072257626 1847.182051933237 0
-86.98155369194153 1848.4839808663555 0
-86.74425524106866 1848.4875708955626 0
-86.89901052711858 1855.0464494533892 0
-88.33762806057533 1883.1363303486519 0
-85.64214968778332 1841.9459790082203 0
-85.25152412838675 1839.3556136937998 0
-84.9382464684153 1838.0587128563723 0
-84.62519191262504 1836.7600937130078 0
-84.3130734369476 1835.4718207565784 0
-83.17045990007276 1820.0806188394417 0
-82.86204911946254 1818.8142566837057 0
-82.62843116056077 1818.817665542749 0
-82.39481116496728 1818.8210541094124 0
-82.08766794227111 1817.5655816561703 0
-81.85379043779844 1817.561890781627 0
-81.61971581335347 1817.5547944912753 0
-81.90266259836015 1826.4565926208222 0
-81.5198434052698 1823.9001669625138 0
-81.2119189826619 1822.6287033775538 0
-80.9777250271495 1822.630419843422 0
-80.81648919561115 1823.900160336654 0
-80.72900907501648 1826.459985203512 0
-81.60581675350524 1845.8590472111193 0
-81.44328826332413 1847.1645804778298 0
-79.15500124806019 1811.211413883856 0
-78.77893222145872 1808.694818287185 0
-78.40406195764616 1806.1881883852102 0
-78.17143531034881 1806.1814645290203 0
-77.79796963007627 1803.682994742458 0
-77.5660347848122 1803.6829771626133 0
-77.33410192245479 1803.6829947424578 0
-77.17226411532184 1804.9313929890188 0
-76.94017483790425 1804.9313929890188 0
-78.34331787797755 1834.1765823904977 0
-78.03540641966057 1832.8831075381277 0
-77.5848324935765 1829.0214370155854 0
-76.50113367901257 1813.7429443167619 0
-76.19795043922001 1812.4796990256505 0
-75.895366230561 1811.221571023051 0
-75.73161408207162 1812.4746564322493 0
-75.01439627321884 1803.6763233536437 0
-74.85109808285698 1804.9264160059295 0
-74.61900942507273 1804.9264160059295 0
-74.38692112239686 1804.9264225031532 0
-74.0865738325574 1803.6746665007463 0
-73.92292432582326 1804.9297405061798 0
-73.69074508165147 1804.9280793174619 0
-73.59432928085901 1807.4331860107932 0
-71.89072018284043 1780.1997778141492 0
-71.59606835637443 1778.981584543255 0
-71.36712067642047 1778.979940167494 0
-72.59782717407715 1806.186491872281 0
-72.29848021586012 1804.9330914379057 0
-71.26998714273591 1790.0200998782407 0
-70.97455032708929 1788.7961027963793 0
-70.74446960202599 1788.7961027963788 0
-70.514567979667 1788.7994807131226 0
-70.2845784383561 1788.8012124533448 0
-70.05449328919096 1788.8011406713017 0
-69.8244063063411 1788.801033720891 0
-69.59440982506139 1788.8026493221291 0
-69.36423991769084 1788.800962897867 0
-69.0700970682692 1787.575474706883 0
-67.69904168338796 1765.6891454078682 0
-67.47219101673808 1765.695965746046 0
-67.30667138470359 1766.8849906783223 0
-67.07966937146328 1766.891794022976 0
-66.85231211811188 1766.8917498853637 0
-66.1307219659547 1757.2954435667682 0
-65.84407151726589 1756.1179907054207 0
-65.61779929860054 1756.1129657776555 0
-65.39145143609811 1756.106436771633 0
-65.22567066019805 1757.2874701175601 0
-64.99975515443899 1757.292279193726 0
-64.7735133400971 1757.2906823225198 0
-64.5470305809917 1757.2843184101473 0
-64.26114084010592 1756.1015997687518 0
-64.03545422828051 1756.1080719363606 0
-63.869029863838136 1757.2938424933968 0
-64.12305789261099 1766.8719129703925 0
-63.896198080047405 1766.8817639163194 0
-63.7881216232871 1769.2725196226731 0
-63.56078943066941 1769.2789290670219 0
-63.332978151443044 1769.2757200618094 0
-62.74900665142068 1762.079598702343 0
-62.52200886365199 1762.0747090398545 0
-62.82896289415891 1772.9074070512438 0
-62.60086018455065 1772.907421945633 0
-62.43241839229091 1774.1243837367128 0
-62.20465683098788 1774.1344715796804 0
-62.0940577024209 1776.546569407833 0
-62.10252733810748 1781.4179622348786 0
-61.873443429509585 1781.4195809911732 0
-60.70780759787985 1762.071490630406 0
-60.423604530316794 1760.8812978496435 0
-60.196530396371365 1760.8715994737975 0
-59.79883926912733 1757.3085623768227 0
-59.572440815867566 1757.3036416392545 0
-59.57365112441937 1762.0635353911237 0
-59.28980433529598 1760.865261477329 0
-58.94991011717723 1758.4812136784767 0
-58.723675543725506 1758.4827769898545 0
-58.441244375899885 1757.2954857022983 0
-58.15850099323599 1756.095279273872 0
-57.820888743900625 1753.7216991647051 0
-57.59509820050287 1753.7201230738324 0
-57.42499935353953 1754.9093351988201 0
-57.2548990501942 1756.104831308951 0
-57.02941812354341 1756.1162698943745 0
-56.85803994854362 1757.2938424933966 0
-57.410507122809506 1774.1178129174834 0
-57.182253656847244 1774.11782559937 0
-57.3468050505352 1782.6491150956806 0
-56.61459184754736 1771.696905977116 0
-56.38619806016189 1771.687275498559 0
-55.828382895387875 1764.463068586811 0
-55.60140286379323 1764.4646670373452 0
-55.428970867577895 1765.6675221616981 0
-56.52884640107795 1794.9642453251508 0
-56.24202123061032 1793.7254098152762 0
-55.2370798166203 1776.5401360472838 0
-55.008524347513635 1776.5401360472838 0
-55.43883347540759 1791.245942524067 0
-55.37416435453298 1794.954406985538 0
-54.16095951312814 1772.9057772825327 0
-53.93299993561932 1772.9090113906746 0
-53.65179013155954 1771.7101125448798 0
-53.42368682177843 1771.7067428321468 0
-53.19558801618077 1771.703456341164 0
-52.96763437771697 1771.7034563411637 0
-52.792340636152936 1772.9057899817103 0
-52.93616905320027 1781.4211827553659 0
-52.23112216021187 1770.494422476034 0
-51.95118357857389 1769.2937785687352 0
-51.72309826736837 1769.283812965275 0
-51.49516456084736 1769.2773014425566 0
-51.26744399142878 1769.2757033053242 0
-52.08952561587678 1793.725440222234 0
-51.91166534602034 1794.9593067249425 0
-51.312585307597764 1786.3340991722707 0
-51.03084301356577 1785.1131701116099 0
-50.80086103411343 1785.1046961060977 0
-50.519640525985054 1783.8852728485394 0
-50.28981714760196 1783.8768857548516 0
-50.00912142064306 1782.6590624930197 0
-49.77959405700159 1782.6540448964663 0
-49.601137708936534 1783.8703338085363 0
-49.372015928681286 1783.8786302200515 0
-49.19317019122572 1785.096473724348 0
-49.83818359088342 1806.196603177619 0
-49.60607781494936 1806.2000148661718 0
-49.373688802784415 1806.1965742295838 0
-49.14144200881831 1806.1965742295838 0
-48.909337527129274 1806.2000485365143 0
-48.67702431145138 1806.1984326144634 0
-49.01036873230654 1820.0891343940618 0
-48.77667891635775 1820.096199998877 0
-48.54256173222659 1820.09274977064 0
-48.41097694383342 1822.630388594342 0
-48.382431817818336 1827.7449942280077 0
-48.09617246097745 1826.4651011137546 0
-47.91250275203449 1827.743273204598 0
-48.81897079019494 1856.3747229355108 0
-47.391522075311144 1826.4565882035904 0
-47.05563982052187 1823.903550661907 0
-46.82118812297304 1823.9035506619073 0
-46.58680432750413 1823.905276040931 0
-46.402497057539506 1825.1834729477198 0
-46.21793876999718 1826.4633644762946 0
-45.98330279429146 1826.4668154698838 0
-45.74873472197951 1826.4720360416754 0
-46.98069978067257 1864.3271248693204 0
-46.74114460868843 1864.3253804911194 0
-46.5530166742713 1865.659077047733 0
-46.77692216496966 1877.7344881849913 0
-47.16027038054408 1894.0518487906986 0
-45.530328187401985 1857.6942022747257 0
-45.241721085286215 1856.3800393004476 0
-44.95338012445971 1855.064228139548 0
-44.71491030398171 1855.0606171832974 0
-44.67539857321785 1860.3438597385305 0
-45.700770133718564 1894.042739419803 0
-46.130573423665375 1912.0326070790154 0
-45.989172523399965 1914.8224207774704 0
-46.42675002430933 1933.2062457899874 0
-46.97830226717449 1954.7841542417011 0
-44.84069430557922 1903.6850490485467 0
-44.495065732318764 1900.9330536313175 0
-44.20064662839526 1899.559128438321 0
-43.95676687795854 1899.559128438321 0
-43.71261296402589 1899.5515985811091 0
-43.468466309915456 1899.5442170465299 0
-42.09665500073189 1868.3445592224778 0
-41.85666523951539 1868.3445232495378 0
-41.6166149756927 1868.3428014365331 0
-41.424328687852544 1869.6763846896383 0
-42.69454750372491 1912.0344996761644 0
-42.49862442803565 1913.4274746207739 0
-42.25314748179861 1913.4312087325466 0
-42.00760444593104 1913.433096756563 0
-41.76212840484057 1913.4369030236353 0
-41.51665179053485 1913.4407200252137 0
-41.27117529959456 1913.4445678235563 0
-40.20793899933538 1889.9430406951362 0
-39.87104452615401 1887.2247118792086 0
-39.6283856201173 1887.215531771398 0
-39.33928081617128 1885.8564372930182 0
-39.14382880141002 1887.2191680484536 0
-38.90136388092259 1887.2155460497452 0
-38.659024112614745 1887.2155747200688 0
-37.50553622933816 1860.340296919481 0
-37.22186530868906 1859.017252705185 0
-36.93852627036395 1857.6942438598455 0
-36.69986506195521 1857.6942438598458 0
-37.17548633093085 1879.0790602877266 0
-36.88929133547346 1877.7309287678813 0
-35.247249050123834 1835.4666325361743 0
-34.96894559464662 1834.181800258385 0
-34.733329645546675 1834.1853253578088 0
-34.539798846540194 1835.4735169460916 0
-34.3039066681066 1835.473535111457 0
-34.068013894564196 1835.4735351114568 0
-33.8320645701284 1835.4717890092904 0
-33.63762604176121 1836.7566786599123 0
-33.4849907587434 1839.3521805097862 0
-33.37334587940329 1843.2480355057623 0
-33.13653928717555 1843.2497498670157 0
-32.817115121985935 1840.6507859745677 0
-32.53970630289637 1839.3591105285925 0
-32.303274757301594 1839.3573733998398 0
-32.271066906727945 1845.8607751621407 0
-32.03393473849379 1845.862521341519 0
-31.83751833872525 1847.1714948124172 0
-31.60016861898924 1847.1715062111157 0
-31.403210850216443 1848.4787646844984 0
-31.24648092570751 1851.1037304025272 0
-31.008858101641117 1851.1108159794844 0
-30.175515679034987 1831.599889499068 0
-29.93994911364765 1831.5947467717062 0
-29.66559663639849 1830.3081039123465 0
-29.46907899551089 1831.593059366563 0
-29.272497486622992 1832.886522565478 0
-29.07544140386194 1834.1748614156159 0
-28.83965963172944 1834.1731561561946 0
-28.950400842030966 1845.8590472111193 0
-28.406332878467193 1835.46491605936 0
-28.132618830300878 1834.1783124741203 0
-27.89678663664723 1834.1748703672054 0
-27.849823551087717 1840.650794985554 0
-27.462815637137425 1835.46662357275 0
-27.339117276246892 1839.348747408843 0
-27.290245242655075 1845.8642699450959 0
-27.05315765864043 1845.8677466533622 0
-26.815870172835208 1845.864247087517 0
-26.541647933382762 1844.560446781288 0
-25.79295343370172 1826.465085406753 0
-25.52240199088243 1825.1938823227088 0
-25.287937414316332 1825.1991574676606 0
-25.08873636321173 1826.4684938319592 0
-24.88932327533653 1827.7415523613713 0
-24.689970441565432 1829.0282311485817 0
-24.455023727845976 1829.0334350909275 0
-24.219981161609887 1829.0351882475368 0
-23.984795444449794 1829.0317093318818 0
-23.784362232971255 1830.3080972251803 0
-23.549112864930105 1830.3080972251803 0
-22.868036483499864 1813.7345576969406 0
-22.907024192762762 1823.9001603366542 0
-22.604665222146085 1821.3521380107088 0
-22.4042144451723 1822.6219404240896 0
-23.096036665143036 1857.6889626004777 0
-22.753437421819406 1853.7357209475956 0
-22.51513165267287 1853.7304539488696 0
-22.20842476969743 1851.0985073161596 0
-22.073086818087894 1855.0534815128049 0
-21.834892705622877 1855.0588331203753 0
-20.764475630698666 1822.6338598812179 0
-20.530093835056228 1822.6304041982144 0
-20.295757483756535 1822.6287033775538 0
-20.158284150565077 1826.458282232338 0
-20.37878678111301 1844.551820458203 0
-20.141763084176805 1844.551820458203 0
-19.904824990022608 1844.5552560043848 0
-19.314666175016114 1830.3097890798242 0
-19.079416596247192 1830.3097890798242 0
-18.875654997144448 1831.5930504737491 0
-18.64028699293008 1831.5947467717065 0
-18.373835284323867 1830.316682350569 0
-18.13858484696836 1830.316682350569 0
-17.903251334669086 1830.3132265078098 0
-17.698648482870283 1831.5947467717062 0
-17.463198499769494 1831.5930504737494 0
-17.22782938588997 1831.5947534500938 0
-17.083531440680126 1835.4649227642471 0
-16.878051409383247 1836.7635403336546 0
-16.64195785301534 1836.7618192418827 0
-16.43575510968208 1838.0501525936816 0
-16.169890702657426 1836.7635267994988 0
-15.93387673941777 1836.7652501499665 0
-15.697823061486154 1836.7652501499667 0
-15.461849231080567 1836.7687721081388 0
-15.254957763527365 1838.0621868526025 0
-15.018861963605174 1838.067513435403 0
-14.869169497113473 1841.9476888476922 0
-14.806411978197238 1849.7912329633532 0
-14.568812888089292 1849.7947418178667 0
-13.98888491896293 1834.1852564164096 0
-13.753038473388251 1834.1800200336163 0
-13.489497543665983 1832.8969269995393 0
-13.253925176148252 1832.896901821652 0
-13.018316086778313 1832.8951623208586 0
-13.003497751229233 1843.2584057280699 0
-12.76667251699768 1843.2601681360131 0
-12.695371913965992 1851.1232622172872 0
-12.429759010552154 1849.7965717137583 0
-12.056011038222076 1843.2566526358662 0
-11.819041351453926 1843.2514619843848 0
-11.58214437006435 1843.2497453732703 0
-11.292184027258061 1840.6507949855543 0
-11.029207396673463 1839.3487474088433 0
-10.792866396396846 1839.3504572085506 0
-10.246655591804348 1823.900173605832 0
-10.012137111282527 1823.8968010370004 0
-10.109598169011356 1840.6559788208992 0
-9.872957604995205 1840.6507859745677 0
-9.636419898634472 1840.6507859745677 0
-9.73111357281131 1857.6924465211428 0
-9.517939170622322 1859.0119784257092 0
-9.279215238832805 1859.0172665853854 0
-9.06561412900271 1860.340296919481 0
-8.826556540015659 1860.3367783763606 0
-8.487989459546966 1855.044716718939 0
-8.127039530687192 1848.4839808663555 0
-7.86519322055865 1847.1732342548478 0
-7.603642469030696 1845.8607751621405 0
-7.1524267580241485 1834.1731628522327 0
-6.8231342028109765 1829.0282580389417 0
-6.564837489917096 1827.7432620298212 0
-6.3069227088071775 1826.4616859985188 0
-6.117742833515521 1829.0214370155854 0
-5.905440342886202 1830.3097979960564 0
-5.670220907845547 1830.3115144616877 0
-5.660789131645146 1843.2601681360131 0
-5.423956674441477 1843.2619191702806 0
-5.1870936767836255 1843.2619191702806 0
-4.950201107285807 1843.2601865437125 0
-4.75743062033785 1845.8625122346857 0
-4.542288929500863 1847.1732205763863 0
-4.283232734641429 1845.873060190082 0
-3.661044610190149 1822.6338396051744 0
-3.9380256434098406 1853.7269817187462 0
-3.699915348027925 1853.730447118208 0
-3.4405163879177185 1852.4197029444954 0
-3.2235807625618524 1853.730447118208 0
-3.0064587366817217 1855.0499561147037 0
-2.3158006238547557 1826.459976298988 0
-2.0410756611901673 1823.9138596499324 0
-1.8065954599627898 1823.9121111597315 0
-1.5721161502516592 1823.9103921972905 0
-1.3376111461534632 1823.9069679420995 0
-1.1225026646072145 1825.1800669784047 0
-0.5639457311328613 1803.6796371024695 0
-0.6723846202580788 1826.4582755890333 0
-0.4376901707951077 1826.4633644762944 0
-0.7205163735395743 1861.6721850404404 0
-0.4620183428636082 1860.3456553662832 0
0.5232662289000451 1808.696514498251 0
0.7738175592077426 1807.4398481721246 0
1.02403254150898 1806.1848043267125 0
1.2563248569902934 1806.1814645290203 0
1.4885466062344614 1806.1831256775977 0
1.720674802232846 1806.1915862735389 0
1.4986709654095518 1839.3504572085508 0
1.9792842011533873 1821.3606311245985 0
2.230519418733234 1820.089208742763 0
2.4815531589624626 1818.8091134985684 0
2.7822859101175332 1813.7396002203902 0
2.9989999855240157 1814.9994371736866 0
3.215940634819685 1816.265978147517 0
3.4655112829168004 1815.01303617407 0
3.273701542528898 1848.4770229878263 0
3.5111925842553116 1848.47874649444 0
3.748618725589964 1848.4857135043037 0
3.9861106566892732 1848.4874875081148 0
4.207727115368073 1849.789484391055 0
4.727363149021901 1826.4549052440918 0
4.50921518540639 1864.3236036653943 0
4.748639664172746 1864.3289133670455 0
4.98804335183053 1864.3361108347633 0
5.606904563748593 1831.5947534500938 0
5.871604057149997 1829.0386951188514 0
5.7968724739681825 1856.3676861515748 0
5.9162800951492365 1866.9857004410317 0
6.2298255573474 1860.338547988254 0
6.7414929240401555 1835.4683355885097 0
6.977385049903333 1835.4683355885097 0
7.21325878720306 1835.4700521244683 0
7.4490960972136016 1835.4752494693519 0
7.685025458162894 1835.4717731985559 0
7.934326514497744 1834.174861415616 0
8.196269514141413 1831.6085546934082 0
8.43168086152993 1831.6085546934082 0
8.654391777411375 1832.8831008509262 0
8.889978594167268 1832.8814023138061 0
9.125531982976085 1832.883100850926 0
9.33637173339627 1835.4615144688291 0
9.547691014152988 1838.057014332131 0
9.77178893175491 1839.353901611703 0
10.008100815076652 1839.3608729008545 0
10.244478018663617 1839.360852274322 0
10.480870490284772 1839.3591288146172 0
10.717247450765184 1839.3591105285925 0
10.953624087776863 1839.3591288146167 0
11.178853487780614 1840.6559947576409 0
11.415421292083613 1840.65251836841 0
11.684403578581572 1836.7652501499665 0
11.931076946202154 1835.4735351114568 0
12.166956004511114 1835.4752290332813 0
12.40286278253847 1835.473498828789 0
12.62863170855774 1836.7635403336546 0
12.864671600453496 1836.7652977708924 0
13.090923108059268 1838.055275226099 0
13.33675284657644 1836.7687927349507 0
13.572819901687511 1836.7670326309756 0
13.808898935233339 1836.7635539036119 0
14.044964718599601 1836.7618192418827 0
14.281053828808389 1836.7566786599123 0
14.18991006977789 1884.4954114717393 0
14.718134130750432 1841.9633325253417 0
14.954870155504377 1841.958061176838 0
15.089640036987804 1857.6907137516744 0
15.328311978027715 1857.68895572433 0
15.566961574026736 1857.6907137516744 0
15.805633076928595 1857.68895572433 0
15.867655205921231 1887.2137208335794 0
16.117970031092934 1885.8527722861045 0
16.44528988656658 1871.002885651389 0
16.68562955366244 1870.9993407830148 0
16.829481022080635 1888.5875729069064 0
16.983570038614328 1905.0795881430133 0
17.364336378260344 1879.0700977657743 0
17.619432634757107 1876.375551916456 0
17.867125739266996 1875.0310184091966 0
18.107964954567358 1875.0274474974944 0
18.361488671017447 1872.3456091163343 0
18.601967615261543 1872.347386342363 0
18.842446833072906 1872.3492013347638 0
19.000249030688835 1891.300507547538 0
19.231489816691024 1894.03911920965 0
19.497156205498847 1888.5765283823707 0
19.601274265641507 1923.256676174143 0
19.842627023472115 1924.6744698779403 0
20.26024027018596 1879.070097765774 0
20.525846895378475 1872.352812699232 0
20.766322162447388 1872.3564721035505 0
21.006798128449844 1872.3601948849619 0
21.24731116343607 1872.352765243638 0
21.49197735539789 1871.0118774191924 0
21.736298564743873 1869.674548206942 0
21.976468310729437 1869.6691342898316 0
22.220268573403935 1868.339156101679 0
22.460261253959413 1868.3372883410195 0
22.53139570155507 1936.0427420160624 0
22.803428685670237 1926.0848599049773 0
23.050612396853126 1926.0867539231174 0
23.297784423288014 1926.09438086459 0
23.59521218168738 1900.9183647144696 0
23.846968020414476 1896.7979955922378 0
24.095287279353993 1894.0574841810526 0
24.340711121002112 1892.681614966346 0
24.585780642135077 1891.313224120834 0
24.828634788611723 1891.3113769284453 0
25.071488462327103 1891.3095394871414 0
25.31434164037956 1891.3077354571237 0
25.501080349029095 1947.5418609536941 0
25.752203002437646 1946.1019422762515 0
26.009420160839763 1936.0408044566836 0
26.26051135381145 1931.7745128381089 0
26.508411032174024 1931.7706068329594 0
26.76525903761848 1907.85024195241 0
27.01017223195326 1907.8520854285055 0
27.255086117483156 1907.852073348048 0
27.5 1907.853919243572 0
27.74474205702101 1906.4742364781405 0
27.989483645638977 1906.4723584400697 0
28.214010614436276 1852.4162192429985 0
28.494435396891266 1937.4745569562726 0
28.723711477834613 1906.476149353405 0
28.968455163839085 1906.478007649432 0
29.213195991104033 1906.476060155284 0
29.457930791751043 1906.4685586802436 0
29.70266589574494 1906.4629944777482 0
29.947401971403885 1906.4593222838726 0
30.19214216854428 1906.4593222838726 0
30.47689292736945 1933.1907613682047 0
30.699729320501646 1917.6273366922412 0
30.965601258175756 1928.9305501079082 0
31.218430217905492 1931.7554239159535 0
31.518153611690167 1957.7162116591749 0
31.769296702192467 1957.7202133258002 0
31.949383350417666 1926.0848599049775 0
32.03457976520767 1857.7013419401453 0
32.49007818320492 1944.648328115158 0
32.52575313790957 1862.9934780417805 0
32.96938938467633 1937.4726266538166 0
33.00442685341673 1863.0041397337593 0
33.24376617339721 1863.009627459239 0
33.487211255902494 1864.332497756801 0
34.04845350556171 1963.5574001872433 0
34.30030389911703 1963.5534822135749 0
34.64564473417115 1990.2977177933803 0
34.88457411963232 1985.8033990045321 0
35.13359747907684 1984.3036258545233 0
35.30774882871427 1963.5515437720196 0
35.618615130667564 1978.323649706357 0
35.8357104629966 1969.4357327319508 0
36.08209992196377 1967.9729192483057 0
36.33454950914199 1967.980904445824 0
36.52764711894628 1954.7783928696142 0
36.778406242766415 1954.776475804665 0
37.10573861730841 1970.9203505902997 0
37.358540776648994 1970.9243695294754 0
37.61130380769307 1970.9203505903 0
37.86408650916587 1970.9203713578272 0
38.10915879075724 1969.4496095310124 0
38.361757654903286 1969.449580711027 0
38.61433470026962 1969.4455803563126 0
38.86691092518316 1969.441611723626 0
39.11950894574279 1969.441611723626 0
39.39806519597368 1973.8663541924461 0
39.63352915583079 1970.9144398548344 0
39.877243268776304 1969.431844229357 0
40.07495436746824 1960.636775053915 0
40.326440936286005 1960.6348082570767 0
40.58742867792109 1962.0969330079906 0
40.83912371518125 1962.0990066603426 0
41.10062122646548 1963.5554746473097 0
41.37261867765812 1966.4885249419467 0
41.64547552538829 1969.4396623160935 0
42.00382061706848 1984.3015751083783 0
42.24744358625473 1982.8058814241774 0
42.49079819563474 1981.3244257868791 0
42.75596113970474 1982.8038809991072 0
43.010288762542565 1982.8119705334138 0
43.345978375511926 1993.330823322381 0
43.601623453681874 1993.3390589627859 0
43.978584839535834 2008.5273633809725 0
44.236045649019275 2008.5252594136668 0
44.468265358997094 2005.460747271323 0
44.277353907859045 1951.8958838282294 0
44.539965127674485 1953.33395596775 0
44.77813514542387 1951.8917844525402 0
45.028507885886114 1951.8877758916394 0
45.26620968323972 1950.4537221825426 0
45.516365410605246 1950.445644058559 0
45.75338655919534 1948.995885811724 0
46.00323429057704 1948.974371616309 0
46.22646933951778 1946.1097361140944 0
46.476136911037784 1946.1077656206523 0
46.72576615877112 1946.1018575107203 0
46.97539454172334 1946.0960120365132 0
47.225041110364394 1946.0921594242086 0
47.50347749994875 1948.9724652565683 0
47.841742538074314 1957.7003715765857 0
48.09289491373878 1957.7023017013084 0
48.32906798123409 1956.258040047976 0
48.580062940607405 1956.2620783921027 0
48.846377510837335 1957.710220661765 0
49.383087858383355 1984.3137239914063 0
49.653765771519026 1985.807395920084 0
50.09123416088219 2002.4468537582509 0
50.3480237399766 2002.453243115733 0
50.60466747886449 2002.4465136745932 0
50.25408625591023 1948.983966575267 0
50.58734916334049 1956.2325674614258 0
50.83834311367625 1956.236401956671 0
51.61329056684699 2000.8916331507844 0
51.744246181643945 1990.305677071632 0
51.99947371640376 1990.3077581396374 0
51.89519530456223 1960.6189185406433 0
52.111289603887585 1957.724284509829 0
52.362348699563384 1957.71809165142 0
52.61345961433837 1957.7161749016395 0
52.86467214534854 1957.722357972643 0
53.13431665260475 1959.1763950254629 0
53.67027171195367 1981.316275471921 0
54.119613147133855 1996.35438645271 0
54.375543722626325 1996.352308493213 0
54.55134289674341 1990.2957189046306 0
54.74653266008789 1985.8034411886258 0
54.98081642877551 1984.293650640778 0
55.194618710810914 1981.306365471485 0
55.38742606590323 1976.844313519558 0
55.62045284330347 1975.3651525056582 0
56.25203687891883 2002.4151812806838 0
56.10620831954822 1973.8820777404028 0
56.338202939191106 1972.3952353033671 0
56.59111321168304 1972.3913048618974 0
56.69512208386081 1962.1030721827703 0
56.94671494209124 1962.0969615494942 0
57.1982797311485 1962.0890485195825 0
57.428243167515554 1960.6267944495162 0
57.70161141403999 1962.0871128005617 0
58.06433127959291 1969.4396777875606 0
58.093810379284314 1954.7861017373195 0
58.344490338799446 1954.7803049261506 0
59.14540965306069 1990.3243003954856 0
59.40077872682981 1990.334818854744 0
59.75071751335772 1996.3564429570802 0
60.00694587072992 1996.373487325295 0
60.262803094705305 1996.3670440087355 0
60.51849069313135 1996.3501695949858 0
60.72550576149257 1993.33496540651 0
60.68726745434847 1975.369210066661 0
60.940472365684826 1975.3611378405492 0
61.14463638401367 1972.3992282322788 0
61.37300027665744 1970.9282736807756 0
61.60121330597822 1969.470129186642 0
62.08028065846984 1982.809893105128 0
62.30886641071324 1981.3083370325494 0
62.51166367191301 1978.331539739125 0
62.76544005992865 1978.3354978562695 0
63.019218997918145 1978.3395453367234 0
63.27292817013345 1978.3395717600156 0
63.52656615444122 1978.3355818505129 0
63.78020277004075 1978.3315710700244 0
64.03383914299808 1978.3276024964223 0
64.28751030333234 1978.3256105373673 0
64.19222023840297 1959.174368167099 0
64.65878971771744 1970.9066287811627 0
64.91164244058086 1970.9105176418402 0
65.13692340913612 1969.4318442293568 0
65.33441496004068 1966.4885454852388 0
65.58657073386637 1966.4846371513286 0
65.78345484504315 1963.5673205652877 0
66.00759313349585 1962.1153178446837 0
66.25896264464002 1962.0989752740063 0
66.51052842251676 1962.0929892849172 0
66.76224910691002 1962.0950363665024 0
66.70058869395373 1946.1018856905432 0
66.95004439437423 1946.0902407473232 0
67.14294336027207 1943.2279835247068 0
67.3920329993444 1943.2161094518892 0
67.61259250007407 1941.7841337084467 0
68.24256970172468 1960.6228049011702 0
68.4645208217469 1959.1703752669086 0
68.71583748448609 1959.1704038041642 0
68.99718353084279 1960.6287195797825 0
69.24884707987077 1960.6367065059774 0
69.50047233184216 1960.6427602887281 0
69.75193081725533 1960.6407881792152 0
70.00326157281268 1960.632783462071 0
70.5044636516713 1972.4011700894405 0
70.69434873126258 1969.445697943483 0
70.946817353846 1969.4396468854409 0
71.19945794657919 1969.441629773717 0
71.45222990358607 1969.4496384279494 0
71.70496127018184 1969.4556972823777 0
71.98956362481857 1970.9124697530149 0
72.20998113056463 1969.447563522921 0
72.46231704283011 1969.4357327319508 0
72.61608504887093 1965.0121964008642 0
72.96738057137335 1969.4299000035473 0
73.15339506294653 1966.482688213001 0
73.40562376495178 1966.482688213001 0
73.65825656310514 1966.5003801326707 0
73.94421354627053 1967.9689170803813 0
74.43601831325586 1978.335539741843 0
74.65524082478794 1976.8502815352458 0
74.87404973744621 1975.3631607095747 0
74.88471929794785 1965.021902131179 0
75.10217344249456 1963.5554386073147 0
75.84621507435654 1984.3077450118108 0
76.13676986170913 1985.821719783249 0
75.85771698460238 1963.5534975980427 0
76.8629137200055 1994.8212742281903 0
76.9729671788018 1988.8055203753888 0
77.26475235640007 1990.3158238515316 0
77.51985798315044 1990.311809670875 0
77.77481216874168 1990.301679089124 0
77.47846140947296 1967.9870856139576 0
77.73042660710782 1967.9689170803813 0
77.90957396449627 1965.0338448930956 0
78.12519586587699 1963.5818356344666 0
78.3771143591699 1963.5838921526217 0
78.66566416354729 1965.0317368477838 0
78.88069275346402 1963.57778820306 0
79.16966071116155 1965.027880618035 0
79.12127253985825 1953.3418026232353 0
79.37180993435484 1953.3398164010273 0
79.65988911382978 1954.7841795667175 0
80.52465364592774 1978.321678599459 0
80.81781805782796 1979.8268374140762 0
80.60444842318407 1962.0851515816719 0
80.81754190126252 1960.6267737213484 0
81.69859552048314 1984.3056347314832 0
81.95304676976225 1984.305550482765 0
82.20750252067549 1984.3056347314832 0
82.30141641545943 1978.3519944327354 0
82.55473835100182 1978.3376590974467 0
82.64663228125458 1972.3913151508823 0
82.89959792259688 1972.3912945999903 0
83.15261865474267 1972.3932803833898 0
83.40553060679957 1972.3913048618974 0
83.65844277950765 1972.3893551005317 0
84.11872828651724 1979.837017525401 0
84.33081154650854 1978.3417321859904 0
84.58451640082953 1978.3415852944067 0
84.8382832225862 1978.343636179549 0
85.09222928846896 1978.3519944327356 0
85.38831901030235 1979.8409704931082 0
85.77026721658709 1984.3201751095412 0
86.0680144818271 1985.8278640336025 0
86.32353858935524 1985.858397637816 0
86.5782522222655 1985.860685977578 0
86.44141537566028 1972.4012880093385 0
86.73763492720606 1973.8820777404028 0
86.9910826541697 1973.892149386612 0
87.24423510642825 1973.892112353456 0
87.45293261367217 1972.3893705543771 0
87.53113553870733 1966.5064031296727 0
87.78324606232532 1966.5023422056074 0
88.03529840141579 1966.4963727272543 0
88.28770837247032 1966.5023422056076 0
88.54043195115807 1966.5186451006061 0
88.792918452692 1966.5269970921772 0
89.04528778381739 1966.5314332073233 0
89.34184543791197 1967.9808676213609 0
89.59426226425512 1967.9809044458239 0
89.84655454679695 1967.9769011925018 0
90.09878438336827 1967.9709128545132 0
90.3054327457472 1966.4983243838153 0
90.51202875476436 1965.0358094490593 0
90.76388733971051 1965.0297594623048 0
91.01599869073465 1965.0317940157195 0
91.3141685232615 1966.4924076315049 0
91.56640039737925 1966.4924694250903 0
92.38583634253466 1984.3117229581676 0
92.64009670224141 1984.305655933889 0
92.89441977692798 1984.3015908006207 0
93.10063331910601 1982.8038939886026 0
93.3063524138423 1981.3024404311782 0
93.65758520998202 1984.2956278291285 0
93.9126957200235 1984.3158297808277 0
94.16769881075763 1984.3325934032337 0
94.42243769911693 1984.3411828455198 0
94.67654157762175 1984.3304402544395 0
94.93010923849396 1984.303570639834 0
95.0854947517007 1981.320276299629 0
95.24142449876267 1978.3755394309153 0
95.49394064889381 1978.3397587146067 0
95.25157681983502 1963.5654243386507 0
95.50364267494218 1963.5713967064614 0
95.75510192479253 1963.5593902349724 0
96.00663290126667 1963.549584902595 0
96.25849517552572 1963.5495747271846 0
96.51062540476573 1963.557400187243 0
96.51156237301913 1956.2460974421813 0
96.76278687508359 1956.2540341124984 0
97.01408808288924 1956.2641324436854 0
97.31527550709492 1957.7120755794087 0
97.56676131723614 1957.7221772587445 0
97.86815830255706 1959.1605388918506 0
98.17075361842365 1960.62280490117 0
98.73292636893487 1969.449696453941 0
99.03811892408241 1970.9385954781685 0
99.34303539051457 1972.4091912934598 0
99.59660042268993 1972.4259616769914 0
99.8498821128659 1972.4346778782822 0
100.10317385359761 1972.4436138910794 0
99.30566104026819 1943.2161551309132 0
99.55498625221357 1943.2161551309134 0
100.11789360225292 1951.8819592031382 0
100.36822923633571 1951.8800068638675 0
101.36649221990687 1972.4012170692288 0
101.61924145501028 1972.3952508186208 0
101.81801249330844 1970.9184296439876 0
102.12524625803161 1972.3971902269993 0
102.37858712516753 1972.4073108149526 0
102.6317037932945 1972.411315642756 0
102.88466834403216 1972.4112041046308 0
103.1377942647553 1972.4154170357092 0
103.00492463300445 1962.1110460535933 0
102.5469606577502 1943.218068576237 0
102.90422783627908 1946.082613952177 0
103.15405426939272 1946.0864110670977 0
103.89956922911357 1959.1567038270812 0
104.15080973886587 1959.154763340787 0
104.45833799251326 1960.6267530482385 0
104.71022113474437 1960.6368094662823 0
104.62528500263994 1951.8838810803684 0
104.81970649562213 1950.4319404394282 0
104.90206005332861 1946.0921594242086 0
105.03969365693993 1943.2046290959925 0
105.17796950430557 1940.3519900733013 0
105.37079204764012 1938.9142733050348 0
105.33913922815495 1931.7554239159533 0
105.4763280015164 1928.938176802659 0
105.7237984194088 1928.936312758893 0
107.7507416149112 1973.9191503518034 0
107.13038997425028 1951.9100205355805 0
106.9199787508613 1940.332751466774 0
107.16886762667794 1940.3308335230743 0
108.76294614080612 1973.9085903309708 0
108.71795723424664 1966.4905307386039 0
108.97026569918744 1966.4924849760623 0
109.22241502793554 1966.4904919640858 0
109.47448554302233 1966.4865682762322 0
109.19136243880565 1953.3281773000301 0
109.26421448440452 1948.9724702405113 0
109.39669045017364 1946.0999106106763 0
109.82398052733856 1950.426150157856 0
109.01397110682633 1924.6744871632363 0
109.20236673673344 1923.2547972137759 0
109.50760689096322 1924.665111362791 0
109.93132279591536 1928.9190298418284 0
110.17941955834375 1928.9323563106857 0
110.42745376572705 1928.9441063310328 0
110.67475953940816 1928.9384075350697 0
110.981266305023 1930.3409467158192 0
111.16919093256124 1928.9228384399585 0
111.41641310246352 1928.9152758539894 0
111.72410408655608 1930.3334282958222 0
112.15363180471918 1934.6072028412827 0
112.4023715661584 1934.6186553302377 0
112.65095313876697 1934.6263443152532 0
112.89912227136779 1934.6243782807564 0
113.14712629074796 1934.6185874712592 0
113.39537883072113 1934.618587471259 0
113.643633326533 1934.6186326504985 0
113.89188685679275 1934.618655330238 0
114.14005590842781 1934.6167376341236 0
114.38830646407052 1934.616697474873 0
114.76137278081482 1937.4669459669963 0
115.13575406246848 1940.3308260801787 0
115.51120767073378 1943.2027108920054 0
116.53067238507117 1960.6366723696528 0
116.78190647104496 1960.6306913521541 0
117.03368433211853 1960.6369829269715 0
116.8312401697242 1950.4477767768137 0
117.08136922748407 1950.44557173741 0
116.81515360619605 1938.9163228642083 0
117.06420745549926 1938.9222255490229 0
117.37704560690501 1940.3442505541711 0
117.62628308510651 1940.3502416678587 0
117.94027863565012 1941.7860238584449 0
117.34877729519673 1923.2736805344502 0
117.53158888672732 1921.8673976006116 0
118.75250019163096 1943.2046066459436 0
117.83124684415608 1917.6366605810624 0
118.14141478029731 1919.0317411079104 0
119.36914197562609 1940.3520979322473 0
119.68385512658509 1941.7762562226826 0
119.93309287385681 1941.778247879074 0
120.18214998933807 1941.7763371020496 0
120.49839906808099 1943.218196651685 0
120.34627439781835 1934.6148250283018 0
120.5279039802954 1933.1907613682044 0
120.90940358467374 1936.0351268068914 0
121.83578407060449 1950.447620133149 0
122.22225737207822 1953.33603946853 0
122.95639826003173 1963.5594135577974 0
121.49918513475966 1927.5143028387906 0
121.67888478617488 1926.0905522137878 0
121.72410972037513 1921.852050756139 0
121.90358403637654 1920.445685883712 0
122.21733884356019 1921.8501545727336 0
122.46390858884679 1921.8482806335871 0
123.53281606743899 1938.9239389919105 0
123.91914454824557 1941.7724248097443 0
124.30788926590876 1944.6560226345764 0
124.55787008857847 1944.6658285484136 0
124.45698865257252 1937.4650507689394 0
124.56818936593456 1934.648235635075 0
124.74774339989857 1933.2434043732032 0
125.06431538623725 1934.6403534953174 0
125.45295463591141 1937.4962844523202 0
126.55441678827513 1954.8000278791155 0
126.16251485654828 1941.7939720087807 0
126.41267531701477 1941.8144166383406 0
125.46112836431435 1917.6310544273194 0
125.70689158483759 1917.6236142073838 0
125.95311712309616 1917.6254778491204 0
126.1993423982094 1917.6273269345252 0
126.586506795287 1920.4400267542803 0
126.90503785835568 1921.8733109731315 0
127.22217296734372 1923.2717688139578 0
127.54064810319457 1924.6898173884156 0
127.85898640331357 1926.098149550512 0
128.4663822254881 1933.192673834835 0
128.714752015094 1933.1984722958716 0
129.03490118907442 1934.6109901058248 0
129.94424046830088 1947.5342056370423 0
130.2699031716815 1949.0121940928445 0
130.59435774497416 1950.4594781257813 0
130.84532872102898 1950.4738748508748 0
128.46573170021807 1899.549733715321 0
128.5671218668679 1896.7961358057064 0
128.740365147926 1895.4409622623798 0
128.9835287497669 1895.4370644559865 0
129.2265018606636 1895.4295303171796 0
129.46957610171012 1895.4239679105024 0
129.71294125561545 1895.4239872061348 0
129.95640327927364 1895.4258518220363 0
130.19976650934137 1895.4258299988592 0
130.58739295136093 1898.161035495496 0
130.90412903518177 1899.5423862969835 0
131.07480379273852 1898.161035495496 0
131.2459104071359 1896.7942714728715 0
131.48934883467754 1896.7924575956517 0
131.80601660529345 1898.1628446674579 0
132.27151485296056 1902.308997024301 0
133.26258686479383 1916.236111359856 0
133.508955175477 1916.2437162323452 0
133.7548127784649 1916.241807383682 0
134.0756990108148 1917.6291760232843 0
134.3978568965815 1919.0336147046032 0
134.72067537666473 1920.4437424329426 0
136.67661845563032 1951.870407864082 0
135.21343945057944 1920.4399897697015 0
135.45961726240347 1920.4343881128543 0
135.3996414632305 1914.837451002054 0
135.7218699198981 1916.2304262717482 0
135.89028333602374 1914.8205743630945 0
135.98385428079644 1912.0593847641712 0
136.22864827763507 1912.047717832103 0
136.78275467165847 1917.6217699946558 0
136.5644923056389 1909.2542481701187 0
137.11919784456194 1914.8205695359186 0
137.2869050288831 1913.420099088032 0
137.30008436302793 1909.2600798341289 0
137.70052991269287 1912.034482558585 0
137.94628592272088 1912.040193880719 0
140.59712577646889 1954.7920530464437 0
140.60364178861934 1950.4616605976953 0
138.9191227010901 1916.226681877517 0
139.0858824460246 1914.828003984015 0
138.15413617101365 1894.0746310997663 0
138.39721509779912 1894.0725736397437 0
138.7178346819518 1895.431358629078 0
138.962303446391 1895.45068598687 0
139.2844116874479 1896.8265308218074 0
139.68425107393193 1899.551559780224 0
140.16574404585435 1903.6850586101366 0
140.57018334328973 1906.4630065416713 0
140.8152434492305 1906.468539224265 0
140.9805993011573 1905.0965763524282 0
143.52090130965408 1944.675621165414 0
142.2799430580946 1919.037340019678 0
142.44466819104198 1917.636705016933 0
142.61007061993791 1916.2536302819744 0
142.85648486335867 1916.261366863195 0
143.10244751765157 1916.2613668631952 0
143.34854081039603 1916.2635906930168 0
143.59463253657194 1916.2657784889032 0
143.9220313633933 1917.6461636031406 0
144.16783115216865 1917.6404872997111 0
143.09807970939426 1895.4258518220365 0
143.34166240592307 1895.4295303171796 0
143.50375948468513 1894.0630869794509 0
143.7458483757513 1894.0445364653647 0
143.82613931984767 1891.3168513448413 0
144.0692154029645 1891.3205946537357 0
144.31206444541232 1891.320536463481 0
144.47465206251292 1889.9848712222708 0
145.37633304842637 1900.927509730267 0
145.53723325236336 1899.5497506681606 0
146.45240467431938 1910.6490091718128 0
146.69721441691723 1910.6415360998767 0
145.0261978661195 1879.082698134776 0
145.26719477089475 1879.0772734048846 0
145.59124954902734 1880.4344578599666 0
145.83297023509974 1880.438146192465 0
146.15686986850048 1881.784467457067 0
146.3986467924546 1881.7863137691081 0
146.64042641363528 1881.7881964793135 0
146.88208923171857 1881.7881748354312 0
147.12375071949168 1881.7881317201175 0
147.36541486235933 1881.7881317201175 0
147.5241312267198 1880.449283313045 0
147.76505070283116 1880.4399762402659 0
148.0063164538092 1880.4362733008797 0
148.16414096549454 1879.0938244392055 0
148.573736921266 1881.7881532491083 0
148.81657781436707 1881.806957586109 0
149.1429808203722 1883.158334295116 0
149.3852928430941 1883.1659274369429 0
149.62713863239972 1883.1660845490164 0
150.12384741777186 1887.2065246457548 0
151.58506019316127 1906.4874792596358 0
151.82968283859086 1906.4855682518598 0
152.07406214695962 1906.4798311678308 0
152.31856318522932 1906.4760305809384 0
152.56306676176777 1906.4722847008604 0
152.98437153698615 1909.2375407188993 0
153.22945820014434 1909.2375407188993 0
153.20972454544278 1905.1061304038278 0
155.99627022441118 1944.6756706920976 0
156.24670488888316 1944.6900740608764 0
155.2967962363019 1926.0944564397018 0
155.45360607417905 1924.6957305914495 0
155.6998621703954 1924.6840130645007 0
156.77623191289123 1937.4688586772543 0
157.0244693463061 1937.463155613585 0
155.257506985133 1906.5073139650233 0
155.41219847885733 1905.126536792908 0
155.65597215887658 1905.114289158335 0
154.3733180900673 1881.7826781039048 0
154.43854371278206 1879.0918023579416 0
154.59205414186852 1877.7549843757945 0
154.83283424687508 1877.7491910871547 0
154.98550246743082 1876.4071647690425 0
155.31455325807488 1877.740073812601 0
155.73430214629366 1880.4381726104557 0
156.0653211614119 1881.7880888332395 0
156.3073543749367 1881.7936436160849 0
157.63905826013126 1898.1664964235545 0
157.69982190997248 1895.4240454013698 0
157.85075138048413 1894.0409186445052 0
157.91168587200795 1891.318744654714 0
158.24558568130288 1892.6761069352362 0
158.58118453448026 1894.0536866101154 0
158.91638965745065 1895.4202875035473 0
159.2518229350695 1896.7851902329762 0
159.49535680371102 1896.7851902329764 0
159.64586671437996 1895.4112186265008 0
159.79653036905592 1894.0445364653647 0
159.57644970550626 1887.2264987455671 0
159.81792203264595 1887.2137208335794 0
159.78334858984923 1883.1529065543095 0
160.02543463624167 1883.1565920386715 0
160.17426263828008 1881.7976031988962 0
160.41503076447856 1881.784517293211 0
160.4733103321579 1879.1146006085187 0
160.71423984871856 1879.1087676827706 0
160.9546571762893 1879.0955256292202 0
161.1953476125998 1879.0862861612648 0
160.6007123298206 1867.00169381223 0
160.74928277514877 1865.684816024347 0
161.9188279340615 1879.0790602877266 0
162.06625606422838 1877.729087417375 0
163.4455683733694 1894.0611186624456 0
163.593102421817 1892.6910449181473 0
163.93195237798835 1894.0610552825124 0
164.17621742967452 1894.0763374432584 0
163.17706049907656 1876.3755706254558 0
163.41830183417898 1876.3791535542998 0
163.6594195651352 1876.3809687082692 0
163.9953944879308 1877.7272888020393 0
164.52267598459605 1881.7754972411096 0
164.66913462081564 1880.4309078237013 0
165.00663738325204 1881.7844674570667 0
165.2481729199511 1881.7826639401753 0
165.48945328427482 1881.7772818479755 0
165.53963308690373 1879.0918023579418 0
166.36111682705243 1887.2137327007874 0
166.70097994071702 1888.5765283823707 0
167.73057917147858 1899.5552604212187 0
167.97540904858909 1899.568495890733 0
168.31786962253562 1900.9386419143448 0
169.56335641857308 1914.831785431261 0
171.0340971724215 1931.7926759281647 0
171.38470085309177 1933.212081840307 0
171.52873795439035 1931.7766826164402 0
171.77564198397243 1931.7629926116774 0
171.8165642975198 1928.9171602165843 0
172.16714862841027 1930.331561016565 0
171.28384401263295 1914.8317459366283 0
171.42909533444976 1913.4561965611572 0
171.675124652766 1913.4618860752446 0
171.92030217204066 1913.4559409682784 0
172.16520365374686 1913.4462583451996 0
172.41054057631706 1913.4425261587296 0
172.5533459978957 1912.0477528981903 0
172.69652336915374 1910.6627008479977 0
172.8380607036589 1909.2601150868945 0
172.98010029545807 1907.8690028669612 0
173.22376009751991 1907.8520733480484 0
173.4681287869656 1907.8447381843669 0
175.60113422400158 1933.2003089387254 0
175.74313930130427 1931.7784968974977 0
175.99001848569566 1931.7648599128588 0
176.87898509154593 1940.3289405498351 0
177.1279500666985 1940.3289405498354 0
177.3769150418511 1940.3289405498351 0
177.62588001700365 1940.3289405498354 0
177.44353498302914 1934.6053277670715 0
177.69178586876268 1934.6053277670715 0
176.86963349001098 1920.445606457811 0
177.115550545008 1920.4381110847044 0
177.15134176854843 1917.6598128345663 0
177.39732679756392 1917.6578111255653 0
177.85543645709768 1920.4438294207018 0
178.21100545893856 1921.8751690589886 0
178.88997261793787 1927.5380284680966 0
179.13878128468792 1927.5568523806517 0
179.7080315526093 1931.7591833857462 0
178.65737296615185 1914.8317262677765 0
178.79570437700892 1913.4330967565634 0
178.29210262457764 1903.696201572138 0
178.11285879702453 1898.1987836830494 0
178.35595737463763 1898.1908603088204 0
178.60013743276102 1898.1969517923105 0
178.95094847064692 1899.5800940258791 0
179.51407771156963 1903.6961621952305 0
180.95087742863896 1919.0429835162126 0
181.0895349729839 1917.6598128345663 0
181.55196602947098 1920.4343978332934 0
181.36204899205688 1914.8451519801454 0
181.49874777078878 1913.450160874284 0
181.63605263967378 1912.067322179736 0
182.0980641144185 1914.828033448154 0
182.896523479219 1921.8614731369105 0
183.03404429132192 1920.4747938741602 0
181.7395486621506 1900.9238190207882 0
181.98359858091982 1900.9238190207884 0
182.2277930536238 1900.9256475067127 0
184.01888848524243 1920.4607978889508 0
184.26570615920218 1920.4649733478439 0
183.1795679509853 1903.6905712598764 0
183.42381412789877 1903.6887015816003 0
184.7787064577434 1917.6236190478555 0
184.9148365839035 1916.2455548507996 0
185.1606446650482 1916.2436460924591 0
185.40614685246913 1916.2379230714164 0
185.540414398827 1914.845190061429 0
185.78542473335497 1914.8355325899547 0
186.03198952155208 1914.8452282454916 0
187.64069769215897 1931.7591833857462 0
184.7347866678355 1892.6742933390285 0
184.75714864361765 1889.9430406951362 0
184.89014845937942 1888.587493005953 0
185.13266024437075 1888.587493005953 0
185.37547663520755 1888.591246104637 0
185.72831403574645 1889.9484812879928 0
187.99733452364762 1914.833646617485 0
188.0166719758402 1912.0573963138468 0
186.9045744725324 1895.4369535774001 0
187.03860856250088 1894.1002542436918 0
187.39084528189636 1895.4313294538642 0
188.53965675402847 1906.4667200918852 0
188.10323037948726 1898.1775638645058 0
188.3472444393366 1898.1812892088328 0
188.59033673851948 1898.1738195751743 0
188.72078348191638 1896.8016960855389 0
188.84967186225825 1895.414831867078 0
188.86721936061713 1892.6872234521063 0
189.22384755191743 1894.0574036300413 0
187.99853026680316 1876.3702269269547 0
190.05273411593387 1898.1756867456108 0
190.29707180397375 1898.183255713479 0
190.6568156019247 1899.5742635529348 0
190.90288131078873 1899.6004063312732 0
191.26066453878755 1900.9616943729573 0
191.5059244133447 1900.9760774691242 0
192.79579709804986 1913.4370029481133 0
193.04108578819205 1913.4331758476778 0
193.28653735992762 1913.431294894567 0
192.94562141680407 1906.474128182708 0
193.18942349103585 1906.462994477748 0
193.66891451916402 1909.2393963182622 0
194.86398809726595 1920.4572121589017 0
195.11031062462027 1920.4552849104389 0
195.3566305298498 1920.4533324523836 0
195.6027886483399 1920.4494838395237 0
194.8962733357377 1909.2619885213937 0
193.72673076582547 1892.6761188356509 0
193.97038238008636 1892.683496335836 0
194.44686623186365 1895.413022874279 0
195.87597367204162 1909.2543024661347 0
196.1212319128434 1909.2562778216693 0
196.4858318477794 1910.6471285518387 0
196.73158408207883 1910.652820205449 0
196.97733933159813 1910.6585303736597 0
197.22328029494685 1910.6663759555838 0
195.6802186459754 1889.971220126624 0
195.92191241194988 1889.9597720461695 0
196.1634652317143 1889.946730264797 0
196.40582881549992 1889.9430694433863 0
199.4236573508774 1921.8710997190535 0
199.54965843141835 1920.4851978091779 0
199.79559232359543 1920.4788254307011 0
199.18421573544234 1910.652820205449 0
199.30722099345678 1909.2543570525133 0
199.3095860834212 1906.4817990827707 0
199.43409393417264 1905.1103009570397 0
199.67814832088814 1905.1044053299674 0
199.92220685122274 1905.0985735593936 0
200.4092010568892 1907.8520733480482 0
201.39387471422614 1916.241839992105 0
201.63999133499104 1916.243611162799 0
200.90150998396257 1905.1101226841142 0
201.02122114792462 1903.6998734424967 0
201.02268867684919 1900.9598724607993 0
201.38734366393834 1902.318234858663 0
201.63208791514813 1902.3240886139615 0
201.9986313551552 1903.6979176341665 0
202.11986010801462 1902.3164969733828 0
202.48627406349573 1903.685049048547 0
202.36295885963256 1899.57230223634 0
202.4856747837594 1898.2189254262914 0
202.72991356907696 1898.2247941871412 0
203.09580184909083 1899.5856552014725 0
203.33934259736787 1899.581847666479 0
203.4578312472511 1898.188999737512 0
203.45499492551394 1895.454132181328 0
203.69906126632506 1895.4618692290946 0
205.19056590823556 1909.2677913735938 0
205.43653576691992 1909.2775044694083 0
205.6807426257263 1909.2677455566043 0
202.69598559141585 1873.682936441248 0
205.79613006010783 1905.1451155790346 0
202.9349310682114 1871.0192395578572 0
205.02419470706215 1891.3095537859374 0
205.26687991579578 1891.3077354571235 0
205.63462181811107 1892.6743219000691 0
206.5082476683961 1899.5647099961056 0
206.75247898436243 1899.5685384042517 0
206.99778234824893 1899.584037843899 0
205.6064693533094 1881.7880888332397 0
205.724280089365 1880.441811178066 0
205.84316259103664 1879.1107834746522 0
206.0850345310219 1879.116654293879 0
206.57179837965367 1881.7737173152875 0
207.82301719284771 1892.6873317165741 0
207.56273987806813 1887.2540547057563 0
207.80507906071756 1887.253986112548 0
208.04648428804015 1887.2438620210041 0
208.2875573463902 1887.230193476342 0
208.40352980598183 1885.8732237336615 0
208.7720788265471 1887.2284384514367 0
211.46164440254256 1913.4311916367276 0
211.57643629307833 1912.032636307236 0
208.10968830002076 1872.3866966506328 0
208.35128563047508 1872.3984866590292 0
208.7141912464143 1873.702754022045 0
208.83153410686774 1872.3906233195619 0
210.08504944204122 1883.1547296650542 0
210.32812257346484 1883.1678724869087 0
210.56923874922424 1883.160243184348 0
210.30277876647784 1877.7808384792852 0
210.54429191993134 1877.7845224284454 0
210.78842777730304 1877.8158814722901 0
211.02899185614964 1877.8095045951634 0
211.26588048167685 1877.7644488517594 0
211.50266002619438 1877.7183642645446 0
211.36141050765013 1873.7027540220454 0
211.6003499713532 1873.6847487300756 0
211.32978368341242 1868.3300946564984 0
211.69760338171295 1869.667347812476 0
211.81097649948376 1868.3428351918446 0
214.38515588826968 1892.6927497377928 0
214.6285619499882 1892.6967334828523 0
215.0032858590661 1894.0667680620213 0
214.1960506678338 1883.152804050194 0
214.43861033414007 1883.1603318763157 0
216.66365871131438 1903.7111464869242 0
216.90880369437858 1903.7188810726057 0
217.15228478675616 1903.7094009782893 0
217.39576130597877 1903.6998980859687 0
217.64088136807956 1903.7073604334694 0
217.8863828048813 1903.7187295923763 0
218.1311932083389 1903.722965040618 0
218.37563682631182 1903.7234235261465 0
217.14603396646743 1888.6061415305203 0
217.25227437760867 1887.2101345692377 0
217.09914571967573 1883.1638943433286 0
217.34099100842812 1883.1639928903091 0
217.5830162195872 1883.1659274369429 0
216.3733076508068 1868.3688776892259 0
216.61383780849414 1868.3743624764795 0
216.85384527856823 1868.3745179670034 0
217.0923428293419 1868.3593376006097 0
217.3308762261342 1868.3445592224778 0
217.44073234847443 1867.0261961326883 0
217.68055054042767 1867.026135776667 0
217.9196204420087 1867.0185137026237 0
218.15886690257938 1867.0126927806698 0
218.3983191820756 1867.0089611673022 0
218.63832221761032 1867.0107836503737 0
218.74722547794804 1865.6943956875236 0
221.5388074603712 1891.3169237928616 0
221.78240647561884 1891.3244125665974 0
220.40049448088592 1875.0529273812028 0
220.64169039440904 1875.056641924865 0
220.88139979610693 1875.0454954837596 0
221.2551599016012 1876.3719972615213 0
222.03908773810318 1881.782678103905 0
222.1447491975203 1880.4290686238855 0
221.97848636368522 1876.3755706254558 0
222.2198352476686 1876.3791394296188 0
222.3256042613959 1875.0381817632199 0
222.43272593772002 1873.7139048397291 0
222.5394332960011 1872.3887673530182 0
222.77739520485426 1872.3637632118905 0
221.8014505255218 1860.3582084035866 0
222.98517711153093 1869.6709678723223 0
223.2253308917662 1869.670967872322 0
223.60112702354795 1871.0046791169523 0
222.2171823159911 1855.0516865300365 0
222.18963779197756 1852.443137535508 0
222.55936825601387 1853.7339307929003 0
222.12923639889246 1847.1927964796691 0
222.9007259346087 1852.4144705754456 0
222.86935000993222 1849.7843024663289 0
223.10755884784103 1849.7895026053313 0
227.891459666373 1894.055505163429 0
227.99548923899127 1892.702580580913 0
226.55784341071575 1876.3809853185687 0
226.79845737863673 1876.3773362736983 0
226.89976325040232 1875.0239069502388 0
227.2808206977042 1876.3810522033075 0
227.80284592972743 1879.097419252827 0
228.18439540259905 1880.4510599077169 0
228.42748864856966 1880.4664463003576 0
228.8066073319946 1881.7917557729681 0
229.0484591955136 1881.7935570397594 0
227.75334231033406 1867.0278413517715 0
227.85466905433154 1865.6985500959506 0
228.23141081441378 1867.01269278067 0
228.4708585890541 1867.0091050595934 0
229.83422798637707 1877.7532556832373 0
230.07616314513206 1877.760647598398 0
230.3179596735349 1877.7666995177601 0
229.84982271908422 1871.008256926588 0
232.36952545960617 1892.6986719335807 0
224.04345220212278 1811.2130771635318 0
224.27579675424 1811.2080698709187 0
233.09941053623916 1892.7063704711625 0
231.052602365716 1871.0194097036388 0
231.29252601335753 1871.0156421967556 0
231.5326514523552 1871.0137905480808 0
231.77395158658567 1871.023031384985 0
232.0152783169999 1871.0325012533508 0
232.25581379215848 1871.0344976454112 0
232.63766537869841 1872.3656881225145 0
226.77588039275898 1815.0095957174246 0
234.12304411966048 1881.790026656097 0
231.09178779076714 1851.1107116057578 0
231.3300110486016 1851.1142926547957 0
233.55390733350703 1869.6893328930203 0
236.25569923410717 1892.677982820814 0
236.49992077707878 1892.6891722143725 0
236.7431380689917 1892.6909805993787 0
235.81429580304038 1881.7863137691081 0
235.91033560051642 1880.4326661845903 0
235.71764866278517 1876.4012321215048 0
235.95865569472303 1876.4013655194542 0
236.2004673308927 1876.4089524394672 0
236.44126774907855 1876.407164769043 0
235.5192827781682 1865.6572792211557 0
235.75932020248555 1865.6608237334528 0
236.14417024675015 1866.999944979401 0
237.40359164788586 1876.3919701423101 0
237.6443865822804 1876.390161744787 0
237.8853810252524 1876.3901909124604 0
238.1255664095943 1876.3827935206389 0
238.36675215900866 1876.3845850714388 0
238.6075491946162 1876.382812605051 0
238.84874510473193 1876.3846929962956 0
239.08933357104667 1876.3810186718797 0
239.33032370039862 1876.3810186718797 0
239.5729400480791 1876.3958442407086 0
239.81497833663275 1876.4053722040956 0
240.05429927244415 1876.3901617447873 0
236.50679361249942 1841.9598465110078 0
236.7436900368127 1841.961622986668 0
236.98000238425348 1841.958097797352 0
236.21605775480026 1832.8916790532337 0
236.452404755306 1832.8987011182164 0
236.97239763911256 1835.4700521244683 0
237.2088632613788 1835.4752290332813 0
237.30175014240817 1834.1852793355981 0
237.39410538421313 1832.893407007033 0
237.48750839019343 1831.6138336662038 0
237.72252416535605 1831.6102713919788 0
237.81486491204916 1830.3254286685965 0
238.1916166258797 1831.5947467717062 0
238.1398437028558 1829.0214414444647 0
238.375503360284 1829.0265482468162 0
238.61021065703756 1829.023128848487 0
238.84492159995636 1829.019749620299 0
238.93768999855874 1827.7501102759445 0
239.1734074865797 1827.757120892477 0
239.9846171491035 1832.886522565478 0
242.26952081243383 1851.1037075441102 0
243.5488203763481 1860.3492517759305 0
243.7872043336495 1860.3438597385305 0
242.5399573058321 1847.1785010203923 0
242.7771140288345 1847.1767822690358 0
240.38175798617948 1823.9001603366537 0
244.44284008382382 1857.6924926658698 0
244.68109922222098 1857.6889488662541 0
244.62058855913554 1855.0534954477926 0
244.85891912546228 1855.0534815128049 0
243.46012131182636 1840.6612961522303 0
243.54839614146823 1839.35914714928 0
240.86536225451457 1813.7412568056563 0
240.95543153294983 1812.4864851104105 0
246.05037739520387 1855.0517095407408 0
245.83652654139982 1851.0985118578064 0
245.92427896930812 1849.787751786256 0
246.1621556986801 1849.7895026053313 0
242.84608833905182 1818.8125287142677 0
247.69723369930148 1859.0137364672996 0
249.93535351013279 1876.393744605256 0
250.17590930566845 1876.3899597431387 0
250.26189726754922 1875.0455893931132 0
250.19254907728825 1872.3582348455232 0
250.27982044123368 1871.0321371047794 0
250.36664629211475 1869.7050176791843 0
250.7587476054583 1871.0172849900437 0
250.99864591006883 1871.0136333174817 0
251.23875780036457 1871.011830153206 0
249.77962527866808 1856.3800861230357 0
250.1709042179378 1857.6942160998153 0
250.25682207904848 1856.381820867213 0
250.4949002927199 1856.3782206632077 0
250.73257757539056 1856.3711906122517 0
251.1247311776989 1857.6872114886114 0
250.90132774620392 1853.7339307929003 0
250.98573152282327 1852.4197167323514 0
249.84667202617783 1840.661273019366 0
250.08218344301383 1840.6525070749353 0
250.0151688641134 1838.0657345386585 0
250.2518035972063 1838.0693018737325 0
250.79302587571036 1840.6629549829854 0
251.0314731937498 1840.6791631608735 0
251.41956466902985 1841.9651206875983 0
256.83978546453886 1885.886570086579 0
257.24031985471555 1887.2264987455674 0
257.48267922050263 1887.2266446007018 0
257.72481152380203 1887.2248729653645 0
252.29371902826693 1839.3539242582726 0
252.37752757834025 1838.0674372984242 0
252.76667512219646 1839.3556408697286 0
251.62333871876226 1827.744953892179 0
251.70603944171881 1826.4651011137544 0
251.94040088495092 1826.4616637077618 0
252.17537549076172 1826.4633778684154 0
252.41034973341962 1826.4650854067531 0
252.64532709177476 1826.4668154698836 0
252.88072522809193 1826.4720611881046 0
253.1155028605762 1826.4721116832227 0
253.50298618084238 1827.746677088342 0
255.59864331357238 1843.2583897490251 0
255.678720536762 1841.952879432287 0
255.75972633103206 1840.657770857805 0
256.4653047018092 1844.5552560043848 0
256.8602361071894 1845.865972836546 0
261.59401206977697 1883.1399257163696 0
261.6725544387625 1881.7881317201177 0
261.4258614031885 1877.7492788272266 0
257.9671300040395 1847.1732205763863 0
258.0465978356534 1845.8694792749334 0
256.7103324729343 1832.8882368505526 0
256.7885664232891 1831.5913608395808 0
256.5596480264061 1827.767819539607 0
256.7936978618337 1827.7605544963697 0
256.87465312946307 1826.495161564059 0
257.1078842661239 1826.4824911995756 0
257.34095291346824 1826.468514080306 0
257.26287090684616 1823.905249220859 0
257.34368433772767 1822.6477023867992 0
257.73325524594884 1823.917354966106 0
258.2798273389174 1826.4667974713739 0
259.14349505493675 1831.5981864431865 0
259.53803387915934 1832.8951851489314 0
260.2478753062741 1836.756692087449 0
260.4845624647437 1836.7618531668454 0
260.72125317174135 1836.7670326309756 0
260.9577362415634 1836.7705162208358 0
263.9380302958953 1859.0190340419902 0
259.5275837279223 1821.3589414125543 0
259.60442950730607 1820.0857347444291 0
259.68138739394294 1818.8159712638558 0
259.9145646919041 1818.810794318913 0
260.14880616181006 1818.8142162370498 0
260.3828361475815 1818.8159262032918 0
261.5661941200229 1826.4633644762944 0
264.53813453873687 1848.4804813578962 0
266.4162269795154 1861.6598589771072 0
266.8209209499849 1862.9882057050754 0
266.89453774423924 1861.659858977107 0
266.8026298156844 1859.008494465202 0
266.87785914483396 1857.6995814062836 0
267.44646556694556 1860.3367783763606 0
262.3274178213361 1817.5392196681535 0
262.561500849061 1817.5426034864604 0
262.9531345922733 1818.8023637769347 0
263.8270995742411 1823.901865462831 0
264.22303310228415 1825.186906032303 0
264.6186447994708 1826.4668154698836 0
265.01501022476714 1827.7501509877402 0
266.06043019609166 1834.180035865305 0
266.2961598488131 1834.1800200336163 0
266.36895400900323 1832.889987337341 0
266.1163079956407 1829.0282445759983 0
266.0315533694127 1826.5006624141276 0
266.26609015238284 1826.4987805152437 0
266.9847267011636 1830.3149589031634 0
267.2215286318565 1830.3271846950079 0
267.61912513113015 1831.6050189859898 0
267.8541043113745 1831.60162417973 0
272.9374049017303 1869.6728638348536 0
270.1420692285027 1845.8607751621407 0
269.38395878919584 1838.058712856372 0
269.4559220295303 1836.7723157461078 0
269.8568324054092 1838.0621868526025 0
272.0975876173176 1853.7287121430686 0
272.16696935713594 1852.4110052334427 0
271.90194875752036 1848.4875499654258 0
275.89549104977516 1877.7491910871547 0
276.6543377437929 1881.777288874042 0
276.8960014412762 1881.7772959186223 0
276.6194709198787 1877.7530575201638 0
277.3793288487086 1881.7773100636184 0
276.92742618746513 1876.4015000078787 0
277.86382712865054 1881.7863904188223 0
278.1052597660584 1881.7846012406042 0
278.52300594268974 1883.145396244631 0
276.1553511103539 1862.9952665032238 0
276.05243241027466 1860.354592443677 0
276.2911878592561 1860.3527633906942 0
276.52971216310374 1860.3491577539407 0
276.7682417044362 1860.3455993271868 0
278.2207932655641 1869.6728638348534 0
278.63581814982416 1871.015498302581 0
278.87785422207304 1871.0286509220514 0
277.2087256390418 1856.394598701425 0
277.44744598269926 1856.396291667748 0
277.68644381613944 1856.4001042852021 0
277.9247221070781 1856.3984101700096 0
278.33409021412933 1857.7031024771443 0
278.91846949424905 1860.3402853981825 0
279.1581601769448 1860.34561795734 0
279.3978649625941 1860.3510477704233 0
279.8103199180851 1861.6704431216315 0
280.04900561565614 1861.6668639935167 0
280.11296316099987 1860.336785252805 0
280.177290739568 1859.0119990818127 0
279.37349337020237 1851.1107740634345 0
280.6561073693257 1859.0208248446409 0
280.7211991475974 1857.706776959228 0
280.95960863318606 1857.7048630172712 0
281.1975604367141 1857.6994974603774 0
281.4355202333194 1857.6942022747257 0
281.67371603658665 1857.690695391065 0
281.5637284195345 1855.0659672838297 0
281.8013321553367 1855.060476900943 0
284.16248169804305 1871.0100317687773 0
284.2241568109583 1869.669209613691 0
284.2864382573871 1868.3354119281455 0
284.35036089807295 1867.0163723840658 0
284.4156184675571 1865.7097580658995 0
284.6545131412016 1865.7040342225537 0
284.8893626801874 1865.6680994317398 0
284.77628056702116 1863.035161291932 0
284.84010557586606 1861.7263379790259 0
284.90007888319656 1860.391218983776 0
285.1361352561447 1860.3693267811118 0
285.3743807043843 1860.3637555545577 0
285.4336108370511 1859.0280556529144 0
285.67146421343506 1859.0208248446409 0
286.0891509681285 1860.347355220317 0
287.0472139625776 1865.6751912052039 0
287.28965062263995 1865.6957757461828 0
285.0250665808244 1847.173247969491 0
287.7676948309731 1865.6863738941252 0
286.0332745903428 1851.1125205668986 0
287.5231047393732 1860.3473761792663 0
287.5823092513567 1859.0225411305826 0
287.81922804300996 1859.008494465202 0
288.058053022866 1859.008494465202 0
288.1168456204609 1857.68546955996 0
288.17746098389614 1856.3782206632077 0
288.23756376462643 1855.0695738003162 0
288.4758881929857 1855.0695025251641 0
288.71323906190054 1855.0623026029355 0
288.95108369590906 1855.0587280492666 0
291.37650158034444 1871.0421804936227 0
291.6170609351142 1871.04389372318 0
291.8576291465391 1871.045668437181 0
292.09744837764487 1871.04198191034 0
292.3377821023531 1871.0420479224106 0
292.5791639522046 1871.0497379293417 0
292.8168453569058 1871.0305211623304 0
293.0548680185037 1871.0138169990691 0
291.280193998386 1856.3946857427163 0
291.6981948081711 1857.6959626701607 0
291.7551735968358 1856.3800626805626 0
292.54047034312384 1860.336792147363 0
292.0484425765034 1855.0517326735112 0
291.5576004919038 1849.7843002104119 0
291.43498583550394 1847.18379612408 0
292.03343035129484 1849.787751786256 0
292.2735569325069 1849.805407188439 0
292.51275528089855 1849.8163492879448 0
293.1134089017554 1852.4267211715817 0
293.3534085816762 1852.4410541071318 0
293.5934960601102 1852.4559916694523 0
293.83177358980504 1852.4579212446831 0
294.06975454131185 1852.4577221598595 0
294.30854598301755 1852.4633260443768 0
295.65009284342716 1860.356431307316 0
295.8898604062375 1860.3619664570808 0
297.81008892888696 1872.3637632118905 0
298.05057833184867 1872.3637632118905 0
298.29133207862316 1872.3656467459714 0
298.7176122452932 1873.688275118464 0
298.77076184993734 1872.3546256091297 0
296.57798592789896 1855.0605234130005 0
298.3113516946842 1865.6774342851047 0
298.55046436460657 1865.6735791398826 0
298.7890821335491 1865.6662227955912 0
299.02798601210634 1865.6609056790994 0
298.7114165180273 1861.725051958024 0
298.7586265707693 1860.3679227653322 0
297.6903350308379 1851.1326317533699 0
298.85803977718143 1857.695978842123 0
298.1636698763851 1851.1160414900744 0
298.2139993193995 1849.7947418178665 0
298.2667664931786 1848.4928945904603 0
298.5047938350663 1848.4965006413804 0
299.6760657386467 1855.0587699100427 0
299.9146416621836 1855.0604769009433 0
300.156115717997 1855.0825117442184 0
300.3981000102496 1855.1080843486093 0
300.6333681819789 1855.0865799641251 0
300.30769027756565 1851.1401579565359 0
300.357287453135 1849.8240770199245 0
300.5949761998181 1849.8241341778992 0
300.83185179524133 1849.8185161331494 0
301.06980420590924 1849.8204165745576 0
301.496330334957 1851.136098666405 0
302.4912104710172 1856.405479159101 0
302.7291576302035 1856.401630302136 0
302.77491553831413 1855.0624060260645 0
302.82240361352336 1853.7374813379188 0
303.06083701607577 1853.7393211236372 0
303.2979826063919 1853.732232561851 0
303.1607158523046 1851.1324787949034 0
303.2083572533348 1849.81648711923 0
303.44341203481554 1849.7983415554547 0
303.30282302847127 1847.1855705911 0
303.7275560142669 1848.478755577484 0
303.9660806966622 1848.4857318633963 0
304.01360291465505 1847.1767822690358 0
304.6330803870348 1849.8071630553181 0
304.8742675126904 1849.8312938619931 0
307.613709033546 1867.0199698018723 0
307.6601241474906 1865.6924387384076 0
307.7007033549418 1864.3271248693204 0
307.5543148926263 1861.6828986624116 0
307.21222248890035 1857.7030510404259 0
307.2596324494709 1856.3945987014247 0
306.73145788336024 1851.1535910469324 0
307.1564786400418 1852.4320747007798 0
307.58576225855603 1853.737448995095 0
308.017187759842 1855.0551818403756 0
308.2560437188564 1855.0587489518591 0
308.49437652337156 1855.0587489518591 0
308.7324518455619 1855.0569977807293 0
308.9702649363217 1855.0534676147354 0
308.82384598879963 1852.4410968157927 0
306.56140372936835 1835.4752494693519 0
306.60551356959786 1834.174879342419 0
306.65158126375457 1832.889939904755 0
307.0772255214005 1834.1765711714606 0
307.69470045349556 1836.7583839411784 0
307.93203587213463 1836.7670509171862 0
308.16912174031773 1836.7740184271436 0
308.405703264705 1836.7775719172248 0
308.6414921175164 1836.7757765581634 0
308.8762433570351 1836.7669962038813 0
308.9198193544738 1835.4717890092904 0
308.9635905673255 1834.1800358653047 0
309.19931986113687 1834.1800200336165 0
309.2446901213807 1832.9022129407906 0
309.48025777561014 1832.902180551697 0
309.7161033718651 1832.9040108169868 0
310.1427595454126 1834.1834555166554 0
312.71387627205945 1849.8053462371722 0
312.9499822527485 1849.7948392332778 0
312.6016473958463 1845.8817812072218 0
313.42559297969075 1849.796553084451 0
313.66514107076523 1849.809025127245 0
313.9036331013319 1849.8144424720458 0
314.1407633515242 1849.8107880807154 0
314.18026465201615 1848.492979438565 0
312.8490593501211 1838.0691906838738 0
313.2782436619987 1839.3504572085508 0
313.90742397405216 1841.9563537253068 0
314.14625433880695 1841.9704724320115 0
314.38431787380534 1841.9794891352212 0
314.62047601583856 1841.9758819846957 0
316.63615253561824 1853.737448995095 0
314.69940495755935 1839.3696634228922 0
314.7404096200521 1838.079894564079 0
314.97473086745265 1838.067386877474 0
315.21042757689577 1838.0639651073245 0
315.64466278891456 1839.3679867357284 0
316.6691708361296 1844.5535348461285 0
316.90725662837997 1844.5605155363628 0
317.1442751115158 1844.5604741740317 0
317.1829132583441 1843.258421749509 0
317.4203091332113 1843.2619191702806 0
317.6585240107622 1843.2707774455414 0
317.8942927450599 1843.2636058415148 0
317.93542880596897 1841.9831686524058 0
317.9743569937401 1840.690357242707 0
318.2077890877267 1840.6700406923821 0
318.2434568613021 1839.359092291001 0
316.5059730405767 1826.4860665615524 0
